
1 -0.000181075 0.000825055 0 0.000181058 1 1.9446e-005 0 -0.000825047 -1.9297e-005 1 0 0 0 0 1
1 -0.000181071 0.000825047 0 0.000181057 1 1.9446e-005 0 -0.00082504 -1.9297e-005 1 0 0 0 0 1
1 -0.00018107 0.00082504 0 0.000181055 1 1.9446e-005 0 -0.000825033 -1.9297e-005 1 0 0 0 0 1
0.999999 -0.000417909 0.00166231 0 0.000419578 0.999999 -0.00100316 0 -0.00166188 0.0010038 0.999998 0 0 0 0 1
1 -0.000237681 0.000837073 0 0.000238536 0.999999 -0.00102274 0 -0.000836834 0.00102293 0.999999 0 0 0 0 1
0.999998 -0.000417462 0.00166232 0 0.000419131 0.999999 -0.00100318 0 -0.0016619 0.00100385 0.999998 0 0 0 0 1
0.999998 -0.000417452 0.00166228 0 0.000419121 0.999999 -0.00100318 0 -0.00166185 0.00100385 0.999998 0 0 0 0 1
0.999999 -0.000358684 0.00165067 0 0.000358619 1 3.88622e-005 0 -0.00165067 -3.82811e-005 0.999999 0 0 0 0 1
0.999994 -0.000776172 0.00331278 0 0.000779366 0.999999 -0.000963628 0 -0.00331203 0.000966176 0.999994 0 0 0 0 1
0.999994 -0.000776146 0.00331266 0 0.00077934 0.999999 -0.000963643 0 -0.00331191 0.000966191 0.999994 0 0 0 0 1
0.999987 -0.0011323 0.00496354 0 0.0011369 0.999999 -0.000923648 0 -0.00496249 0.000929266 0.999987 0 0 0 0 1
0.999987 -0.00113226 0.00496333 0 0.00113686 0.999999 -0.000923693 0 -0.00496227 0.000929326 0.999987 0 0 0 0 1
0.999982 -0.0012434 0.00577882 0 0.00124263 0.999999 0.000137672 0 -0.00577898 -0.000130519 0.999983 0 0 0 0 1
0.999982 -0.00131244 0.00578791 0 0.00131769 0.999999 -0.000903502 0 -0.00578671 0.000911072 0.999983 0 0 0 0 1
0.999982 -0.00124033 0.00577915 0 0.00123956 0.999999 0.000137329 0 -0.0057793 -0.000130177 0.999983 0 0 0 0 1
0.999964 -0.00184591 0.00826393 0 0.00185294 0.999998 -0.000842333 0 -0.00826234 0.000857592 0.999965 0 0 0 0 1
0.999957 -0.00202235 0.00908961 0 0.00202991 0.999998 -0.000821888 0 -0.00908792 0.000840291 0.999958 0 0 0 0 1
0.99993 -0.00246942 0.0115605 0 0.00246635 0.999997 0.000280082 0 -0.0115612 -0.000251561 0.999933 0 0 0 0 1
0.999939 -0.00238065 0.0107407 0 0.00238917 0.999997 -0.000780359 0 -0.0107388 0.000805944 0.999942 0 0 0 0 1
0.999919 -0.00282449 0.0123981 0 0.00284674 0.999994 -0.00177729 0 -0.012393 0.00181241 0.999922 0 0 0 0 1
0.999919 -0.00282491 0.0123998 0 0.00284717 0.999994 -0.00177781 0 -0.0123947 0.00181295 0.999922 0 0 0 0 1
0.99994 -0.0022662 0.0107456 0 0.0022636 0.999997 0.000254661 0 -0.0107462 -0.000230357 0.999942 0 0 0 0 1
0.999987 -0.0011604 0.00495988 0 0.00116499 0.999999 -0.00092262 0 -0.0049588 0.000928372 0.999987 0 0 0 0 1
0.999982 -0.00121727 0.00578822 0 0.00121652 0.999999 0.00013347 0 -0.00578838 -0.000126421 0.999983 0 0 0 0 1
0.999991 -0.000869501 0.00413489 0 0.000869116 1 9.4533e-005 0 -0.00413495 -9.09269e-005 0.999991 0 0 0 0 1
0.999964 -0.00186024 0.008269 0 0.00186728 0.999998 -0.000843391 0 -0.0082674 0.000858799 0.999965 0 0 0 0 1
0.999977 -0.00138842 0.00661846 0 0.00138744 0.999999 0.000152186 0 -0.00661866 -0.000142992 0.999978 0 0 0 0 1
0.999971 -0.00169111 0.00744366 0 0.00169758 0.999998 -0.000863284 0 -0.00744217 0.000875875 0.999972 0 0 0 0 1
0.999977 -0.00138555 0.00662161 0 0.00138458 0.999999 0.000151336 0 -0.00662181 -0.000142172 0.999978 0 0 0 0 1
0.999982 -0.00121254 0.00579493 0 0.0012118 0.999999 0.000131756 0 -0.00579508 -0.000124782 0.999983 0 0 0 0 1
0.999987 -0.0011798 0.0049621 0 0.00118439 0.999999 -0.000921294 0 -0.004961 0.000927135 0.999987 0 0 0 0 1
0.999987 -0.00103707 0.00496922 0 0.00103653 0.999999 0.000111923 0 -0.00496934 -0.000106797 0.999988 0 0 0 0 1
0.999991 -0.00101025 0.00413471 0 0.00101414 0.999999 -0.000940189 0 -0.00413375 0.000944376 0.999991 0 0 0 0 1
0.999991 -0.000862332 0.00414269 0 0.000861954 1 9.24319e-005 0 -0.00414277 -8.88705e-005 0.999991 0 0 0 0 1
0.999987 -0.00118479 0.00496428 0 0.00118938 0.999999 -0.000921085 0 -0.00496315 0.000926957 0.999987 0 0 0 0 1
0.999994 -0.000688357 0.00331554 0 0.000688115 1 7.3269e-005 0 -0.00331557 -7.1004e-005 0.999994 0 0 0 0 1
0.999991 -0.0010151 0.00413631 0 0.001019 0.999999 -0.000939861 0 -0.00413534 0.000944048 0.999991 0 0 0 0 1
0.999997 -0.000515111 0.00248758 0 0.000514979 1 5.4419e-005 0 -0.00248758 -5.31673e-005 0.999997 0 0 0 0 1
0.999994 -0.000845278 0.00330769 0 0.000848459 0.999999 -0.000958443 0 -0.00330688 0.000961229 0.999994 0 0 0 0 1
0.999997 -0.000513965 0.00248844 0 0.000513831 1 5.41657e-005 0 -0.00248846 -5.28693e-005 0.999997 0 0 0 0 1
0.999991 -0.000856808 0.00414791 0 0.000856433 1 9.09418e-005 0 -0.00414796 -8.73655e-005 0.999991 0 0 0 0 1
0.999997 -0.000514112 0.00248908 0 0.000513982 1 5.40614e-005 0 -0.0024891 -5.27948e-005 0.999997 0 0 0 0 1
0.999994 -0.000685614 0.0033192 0 0.000685377 1 7.23451e-005 0 -0.00331924 -7.00802e-005 0.999994 0 0 0 0 1
0.999991 -0.000857203 0.00414963 0 0.00085683 1 9.07183e-005 0 -0.0041497 -8.71718e-005 0.999991 0 0 0 0 1
0.999991 -0.000857377 0.00415038 0 0.000857003 1 9.0614e-005 0 -0.00415044 -8.70675e-005 0.999991 0 0 0 0 1
0.999994 -0.000685999 0.00332087 0 0.000685763 1 7.21365e-005 0 -0.00332091 -6.98715e-005 0.999994 0 0 0 0 1
0.999991 -0.000857704 0.00415181 0 0.000857332 1 9.04649e-005 0 -0.00415187 -8.69036e-005 0.999991 0 0 0 0 1
1 -0.000171533 0.000830457 0 0.000171518 1 1.7792e-005 0 -0.000830457 -1.76579e-005 1 0 0 0 0 1
0.999982 -0.00120125 0.00581408 0 0.00120053 0.999999 0.00012745 0 -0.00581422 -0.000120491 0.999983 0 0 0 0 1
0.999999 -0.000343213 0.0016615 0 0.000343155 1 3.56585e-005 0 -0.0016615 -3.50922e-005 0.999999 0 0 0 0 1
0.999997 -0.000514895 0.00249247 0 0.000514761 1 5.37038e-005 0 -0.00249249 -5.24223e-005 0.999997 0 0 0 0 1
0.999999 -0.000343291 0.00166184 0 0.00034323 1 3.56436e-005 0 -0.00166184 -3.50624e-005 0.999999 0 0 0 0 1
0.999997 -0.00051501 0.00249298 0 0.000514878 1 5.36293e-005 0 -0.002493 -5.23627e-005 0.999997 0 0 0 0 1
1 -0.000171674 0.000831075 0 0.000171656 1 1.77175e-005 0 -0.000831068 -1.75983e-005 1 0 0 0 0 1
0.999999 -0.000343388 0.00166227 0 0.000343326 1 3.55989e-005 0 -0.00166226 -3.50177e-005 0.999999 0 0 0 0 1
0.999997 -0.000515163 0.00249364 0 0.000515029 1 5.35697e-005 0 -0.00249366 -5.22882e-005 0.999997 0 0 0 0 1
0.999999 -0.000343464 0.0016626 0 0.000343403 1 3.55691e-005 0 -0.0016626 -3.49879e-005 0.999999 0 0 0 0 1
0.999997 -0.000515282 0.00249419 0 0.00051515 1 5.3525e-005 0 -0.0024942 -5.22435e-005 0.999997 0 0 0 0 1
0.999997 -0.000515357 0.00249451 0 0.000515224 1 5.34803e-005 0 -0.00249452 -5.22137e-005 0.999997 0 0 0 0 1
0.999999 -0.000343602 0.00166321 0 0.000343543 1 3.54946e-005 0 -0.00166321 -3.49432e-005 0.999999 0 0 0 0 1
1 -0.000171807 0.000831656 0 0.000171788 1 1.76579e-005 0 -0.000831641 -1.75387e-005 1 0 0 0 0 1
0.999998 0.00072768 -0.00162961 0 -0.000724392 0.999998 0.00201759 0 0.00163107 -0.00201643 0.999997 0 0 0 0 1
1 0.000363396 -0.000814833 0 -0.000362575 0.999999 0.00100863 0 0.000815213 -0.00100835 0.999999 0 0 0 0 1
1 0.0001899 1.64434e-005 0 -0.000189919 0.999999 0.00102632 0 -1.62423e-005 -0.00102633 0.999999 0 0 0 0 1
1 0.000173474 -0.000831194 0 -0.00017349 1 -1.78814e-005 0 0.000831209 1.80155e-005 1 0 0 0 0 1
1 0.000363354 -0.000814654 0 -0.000362532 0.999999 0.00100861 0 0.000815026 -0.00100833 0.999999 0 0 0 0 1
0.999999 0.000347739 -0.00166202 0 -0.000347801 1 -3.57777e-005 0 0.00166202 3.63439e-005 0.999999 0 0 0 0 1
1 0.000173863 -0.000830948 0 -0.00017388 1 -1.79708e-005 0 0.000830956 1.81198e-005 1 0 0 0 0 1
0.999997 0.000521496 -0.00249262 0 -0.000521632 1 -5.34654e-005 0 0.00249261 5.47618e-005 0.999997 0 0 0 0 1
0.999999 0.000347639 -0.00166158 0 -0.000347704 1 -3.58075e-005 0 0.00166158 3.63588e-005 0.999999 0 0 0 0 1
0.999994 0.000695124 -0.00332274 0 -0.000695366 1 -7.10487e-005 0 0.00332269 7.33584e-005 0.999994 0 0 0 0 1
0.999997 0.000521278 -0.00249165 0 -0.000521416 1 -5.3525e-005 0 0.00249165 5.48363e-005 0.999997 0 0 0 0 1
0.999999 0.000347497 -0.00166094 0 -0.000347558 1 -3.58522e-005 0 0.00166094 3.64035e-005 0.999999 0 0 0 0 1
1 0.000173742 -0.000830404 0 -0.000173759 1 -1.80155e-005 0 0.000830419 1.81496e-005 1 0 0 0 0 1
0.999998 0.000529651 -0.00164582 0 -0.000528017 0.999999 0.000992179 0 0.00164635 -0.00099133 0.999998 0 0 0 0 1
0.999991 0.000870509 -0.00415079 0 -0.000870885 1 -8.89897e-005 0 0.00415073 9.25809e-005 0.999991 0 0 0 0 1
0.999987 0.00104432 -0.00497986 0 -0.00104486 0.999999 -0.000106439 0 0.00497977 0.000111625 0.999988 0 0 0 0 1
0.999987 0.00104405 -0.00497871 0 -0.0010446 0.999999 -0.000106499 0 0.0049786 0.000111699 0.999988 0 0 0 0 1
0.999987 0.00121959 -0.004964 0 -0.00121502 0.999999 0.000923127 0 0.00496513 -0.000917107 0.999987 0 0 0 0 1
0.999987 0.00104611 -0.00497595 0 -0.00104666 0.999999 -0.000107124 0 0.00497586 0.00011231 0.999988 0 0 0 0 1
0.999982 0.0012201 -0.00580393 0 -0.00122084 0.999999 -0.000124574 0 0.00580378 0.000131652 0.999983 0 0 0 0 1
0.999977 0.00139395 -0.00663137 0 -0.00139493 0.999999 -0.000141934 0 0.00663118 0.000151157 0.999978 0 0 0 0 1
0.999982 0.00121943 -0.00580101 0 -0.00122019 0.999999 -0.000124812 0 0.00580087 0.00013189 0.999983 0 0 0 0 1
0.999982 0.00121915 -0.00579974 0 -0.00121989 0.999999 -0.000124931 0 0.0057996 0.000132009 0.999983 0 0 0 0 1
0.999991 0.000870721 -0.0041419 0 -0.0008711 1 -9.00626e-005 0 0.00414182 9.3624e-005 0.999991 0 0 0 0 1
0.999991 0.000870584 -0.00414131 0 -0.000870964 1 -9.01073e-005 0 0.00414122 9.36985e-005 0.999991 0 0 0 0 1
0.999991 0.000870451 -0.00414072 0 -0.000870833 1 -9.0152e-005 0 0.00414064 9.37581e-005 0.999991 0 0 0 0 1
0.999994 0.000696298 -0.00331214 0 -0.000696542 1 -7.24643e-005 0 0.0033121 7.47442e-005 0.999994 0 0 0 0 1
0.999991 0.000870219 -0.00413971 0 -0.0008706 1 -9.02861e-005 0 0.00413964 9.38773e-005 0.999991 0 0 0 0 1
0.999991 0.000870096 -0.00413917 0 -0.000870477 1 -9.03457e-005 0 0.0041391 9.3922e-005 0.999991 0 0 0 0 1
0.999999 0.00034805 -0.0016555 0 -0.000348112 1 -3.65824e-005 0 0.0016555 3.71486e-005 0.999999 0 0 0 0 1
0.999994 0.000695985 -0.00331079 0 -0.000696229 1 -7.26283e-005 0 0.00331075 7.4923e-005 0.999994 0 0 0 0 1
0.999994 0.00069591 -0.00331046 0 -0.000696156 1 -7.2673e-005 0 0.00331043 7.49677e-005 0.999994 0 0 0 0 1
0.999991 0.000869747 -0.00413767 0 -0.000870131 1 -9.05544e-005 0 0.00413759 9.41157e-005 0.999991 0 0 0 0 1
0.999987 0.00104351 -0.00496459 0 -0.00104406 0.999999 -0.000108287 0 0.00496448 0.000113472 0.999988 0 0 0 0 1
0.999971 0.00156478 -0.00744572 0 -0.00156602 0.999999 -0.000160649 0 0.00744548 0.000172302 0.999972 0 0 0 0 1
0.999971 0.00156446 -0.00744438 0 -0.00156571 0.999999 -0.000160843 0 0.00744415 0.000172496 0.999972 0 0 0 0 1
0.999971 0.00169466 -0.0074393 0 -0.00168819 0.999998 0.000875548 0 0.00744077 -0.000862956 0.999972 0 0 0 0 1
0.999964 0.00174188 -0.00826801 0 -0.00174342 0.999998 -0.000178993 0 0.0082677 0.000193372 0.999966 0 0 0 0 1
0.999957 0.00191565 -0.00909341 0 -0.00191752 0.999998 -0.000196397 0 0.00909302 0.000213817 0.999959 0 0 0 0 1
0.999957 0.00203381 -0.0090908 0 -0.00202624 0.999997 0.000841439 0 0.00909249 -0.000823006 0.999958 0 0 0 0 1
0.999957 0.0019198 -0.00909007 0 -0.00192167 0.999998 -0.000197485 0 0.00908969 0.000214919 0.999959 0 0 0 0 1
0.999964 0.00174516 -0.00826295 0 -0.00174672 0.999998 -0.000180483 0 0.00826262 0.000194937 0.999966 0 0 0 0 1
0.999957 0.00202416 -0.00909015 0 -0.00201659 0.999998 0.000841439 0 0.00909183 -0.000823095 0.999958 0 0 0 0 1
0.999977 0.00139948 -0.00660882 0 -0.00140048 0.999999 -0.00014627 0 0.00660862 0.000155509 0.999978 0 0 0 0 1
0.999983 0.00122456 -0.00578255 0 -0.00122533 0.999999 -0.000128597 0 0.0057824 0.000135675 0.999983 0 0 0 0 1
0.999971 0.00157425 -0.00743458 0 -0.00157551 0.999999 -0.000164226 0 0.00743433 0.000175923 0.999972 0 0 0 0 1
0.999983 0.00122451 -0.00578242 0 -0.00122528 0.999999 -0.00012888 0 0.00578226 0.000135943 0.999983 0 0 0 0 1
0.999997 0.000524884 -0.00247817 0 -0.000525026 1 -5.61476e-005 0 0.00247816 5.7444e-005 0.999997 0 0 0 0 1
0.999991 0.000874724 -0.0041303 0 -0.000875121 1 -9.28789e-005 0 0.00413024 9.65148e-005 0.999991 0 0 0 0 1
0.999991 0.00087473 -0.00413035 0 -0.000875125 1 -9.29385e-005 0 0.00413028 9.65595e-005 0.999991 0 0 0 0 1
0.999987 0.00104964 -0.00495651 0 -0.0010502 0.999999 -0.000111192 0 0.0049564 0.000116363 0.999988 0 0 0 0 1
0.999987 0.00104966 -0.00495663 0 -0.00105022 0.999999 -0.000111267 0 0.00495652 0.000116467 0.999988 0 0 0 0 1
0.999987 0.00104968 -0.00495677 0 -0.00105025 1 -0.000111356 0 0.00495666 0.000116557 0.999988 0 0 0 0 1
0.999983 0.00122461 -0.00578313 0 -0.00122538 0.999999 -0.000129551 0 0.00578298 0.000136584 0.999983 0 0 0 0 1
0.999987 0.00104976 -0.00495719 0 -0.00105033 0.999999 -0.000111565 0 0.00495709 0.000116751 0.999988 0 0 0 0 1
0.999983 0.00122473 -0.00578372 0 -0.0012255 0.999999 -0.000129759 0 0.00578357 0.000136822 0.999983 0 0 0 0 1
0.999983 0.0012248 -0.00578411 0 -0.00122557 0.999999 -0.000129879 0 0.00578396 0.000136957 0.999983 0 0 0 0 1
0.999983 0.00122489 -0.00578455 0 -0.00122566 0.999999 -0.000130028 0 0.00578439 0.000137106 0.999983 0 0 0 0 1
0.999971 0.00157485 -0.007438 0 -0.00157613 0.999999 -0.000166059 0 0.00743775 0.000177741 0.999972 0 0 0 0 1
0.999977 0.00140009 -0.00661232 0 -0.0014011 0.999999 -0.000148356 0 0.00661211 0.00015761 0.999978 0 0 0 0 1
0.999983 0.00122527 -0.00578643 0 -0.00122605 0.999999 -0.00013046 0 0.00578628 0.000137538 0.999983 0 0 0 0 1
0.999977 0.00140041 -0.00661391 0 -0.00140142 0.999999 -0.000148684 0 0.00661369 0.000157952 0.999978 0 0 0 0 1
0.999983 0.00122557 -0.00578793 0 -0.00122635 0.999999 -0.000130743 0 0.00578776 0.000137851 0.999983 0 0 0 0 1
0.999983 0.00122573 -0.0057887 0 -0.00122651 0.999999 -0.000130877 0 0.00578856 0.00013797 0.999983 0 0 0 0 1
0.999983 0.0012259 -0.00578951 0 -0.00122668 0.999999 -0.000131011 0 0.00578937 0.000138104 0.999983 0 0 0 0 1
0.999987 0.00105097 -0.00496314 0 -0.00105154 0.999999 -0.000112846 0 0.00496303 0.000118062 0.999988 0 0 0 0 1
0.999987 0.0010511 -0.00496381 0 -0.00105168 0.999999 -0.000112966 0 0.00496368 0.000118166 0.999988 0 0 0 0 1
0.999982 0.00122642 -0.00579201 0 -0.0012272 0.999999 -0.000131398 0 0.00579186 0.000138506 0.999983 0 0 0 0 1
0.999982 0.00122663 -0.00579302 0 -0.00122742 0.999999 -0.000131562 0 0.00579287 0.000138626 0.999983 0 0 0 0 1
0.999983 0.00122686 -0.00579411 0 -0.00122764 0.999999 -0.000131696 0 0.00579394 0.00013876 0.999983 0 0 0 0 1
0.999987 0.00105183 -0.00496724 0 -0.0010524 0.999999 -0.000113428 0 0.00496712 0.000118643 0.999988 0 0 0 0 1
0.999971 0.00157785 -0.0074525 0 -0.00157915 0.999999 -0.000168368 0 0.00745223 0.000180125 0.999972 0 0 0 0 1
0.999982 0.00122763 -0.00579777 0 -0.00122842 0.999999 -0.000132129 0 0.00579763 0.000139266 0.999983 0 0 0 0 1
0.999991 0.000877127 -0.00414205 0 -0.000877529 1 -9.52333e-005 0 0.00414196 9.88245e-005 0.999991 0 0 0 0 1
0.999991 0.000877269 -0.00414272 0 -0.000877673 1 -9.52929e-005 0 0.00414264 9.89139e-005 0.999991 0 0 0 0 1
0.999991 0.000877414 -0.00414342 0 -0.000877822 1 -9.53525e-005 0 0.00414334 9.90033e-005 0.999991 0 0 0 0 1
0.999994 0.000702074 -0.00331523 0 -0.000702333 1 -7.66367e-005 0 0.00331519 7.89464e-005 0.999995 0 0 0 0 1
0.999991 0.000877688 -0.0041447 0 -0.000878094 1 -9.54866e-005 0 0.00414462 9.91523e-005 0.999991 0 0 0 0 1
0.999997 0.000526739 -0.00248717 0 -0.000526883 1 -5.77718e-005 0 0.00248715 5.90682e-005 0.999997 0 0 0 0 1
1 0.000175606 -0.000829116 0 -0.000175625 1 -1.94311e-005 0 0.000829116 1.95503e-005 1 0 0 0 0 1
0.999997 0.000526814 -0.00248753 0 -0.000526961 1 -5.78016e-005 0 0.00248751 5.91129e-005 0.999997 0 0 0 0 1
1 0.000175631 -0.000829227 0 -0.000175651 1 -1.9446e-005 0 0.000829227 1.95652e-005 1 0 0 0 0 1
0.999997 0.000526894 -0.00248791 0 -0.000527043 1 -5.78463e-005 0 0.00248788 5.91725e-005 0.999997 0 0 0 0 1
0.999994 0.000702588 -0.00331767 0 -0.000702849 1 -7.68751e-005 0 0.00331762 7.92146e-005 0.999994 0 0 0 0 1
0.999997 0.000527032 -0.00248855 0 -0.000527175 1 -5.79357e-005 0 0.00248852 5.9247e-005 0.999997 0 0 0 0 1
0.999994 0.000702776 -0.00331854 0 -0.000703033 1 -7.69794e-005 0 0.0033185 7.92891e-005 0.999994 0 0 0 0 1
1 0.000175739 -0.000829734 0 -0.000175755 1 -1.94907e-005 0 0.000829726 1.96099e-005 1 0 0 0 0 1
0.999999 0.000351477 -0.00165952 0 -0.000351543 1 -3.88026e-005 0 0.00165953 3.93838e-005 0.999999 0 0 0 0 1
1 0.000175759 -0.000829823 0 -0.000175778 1 -1.95056e-005 0 0.000829831 1.96248e-005 1 0 0 0 0 1
1 0.000175759 -0.000829838 0 -0.000175782 1 -1.95056e-005 0 0.000829846 1.96248e-005 1 0 0 0 0 1
1 0.00017577 -0.000829883 0 -0.000175791 1 -1.95056e-005 0 0.000829883 1.96397e-005 1 0 0 0 0 1
1 0.000175772 -0.000829898 0 -0.000175795 1 -1.95056e-005 0 0.000829898 1.96397e-005 1 0 0 0 0 1
0.999999 0.000351565 -0.00165995 0 -0.000351632 1 -3.88473e-005 0 0.00165994 3.94285e-005 0.999999 0 0 0 0 1
1 0.000175798 -0.00083001 0 -0.000175819 1 -1.95205e-005 0 0.000830017 1.96546e-005 1 0 0 0 0 1
0.999999 0.00035161 -0.00166015 0 -0.000351677 1 -3.88622e-005 0 0.00166015 3.94434e-005 0.999999 0 0 0 0 1
1 -0.00017583 0.000830069 0 0.000175811 1 1.96248e-005 0 -0.000830062 -1.94907e-005 1 0 0 0 0 1
1 -0.000175828 0.000830062 0 0.000175808 1 1.96248e-005 0 -0.000830047 -1.94907e-005 1 0 0 0 0 1
0.999998 -0.000351645 0.00166 0 0.00035158 1 3.94136e-005 0 -0.00166 -3.88473e-005 0.999999 0 0 0 0 1
0.999994 -0.000703264 0.00331956 0 0.000703005 1 7.93785e-005 0 -0.00331962 -7.70539e-005 0.999994 0 0 0 0 1
0.999994 -0.000703154 0.00331904 0 0.000702893 1 7.93189e-005 0 -0.00331909 -7.70092e-005 0.999994 0 0 0 0 1
0.999987 -0.00105461 0.00497751 0 0.00105402 0.999999 0.000119776 0 -0.00497762 -0.000114545 0.999988 0 0 0 0 1
0.999982 -0.00123012 0.00580561 0 0.00122933 0.999999 0.000140101 0 -0.00580577 -0.000132963 0.999983 0 0 0 0 1
0.999982 -0.0012298 0.00580411 0 0.00122901 0.999999 0.000139967 0 -0.00580426 -0.000132829 0.999983 0 0 0 0 1
0.999964 -0.00175654 0.00828892 0 0.00175493 0.999998 0.000201851 0 -0.00828926 -0.000187293 0.999966 0 0 0 0 1
0.999956 -0.00193158 0.00911448 0 0.00192963 0.999998 0.000222489 0 -0.00911488 -0.000204891 0.999958 0 0 0 0 1
0.999956 -0.00193089 0.00911124 0 0.00192895 0.999998 0.000222102 0 -0.00911164 -0.000204518 0.999958 0 0 0 0 1
0.999956 -0.00193024 0.00910818 0 0.0019283 0.999998 0.000221729 0 -0.00910859 -0.000204161 0.999958 0 0 0 0 1
0.999957 -0.00192964 0.00910535 0 0.00192771 0.999998 0.000221357 0 -0.00910576 -0.000203833 0.999959 0 0 0 0 1
0.999964 -0.00175366 0.00827532 0 0.00175206 0.999998 0.000200212 0 -0.00827567 -0.000185683 0.999966 0 0 0 0 1
0.99993 -0.00245482 0.0115818 0 0.0024517 0.999997 0.000283852 0 -0.0115825 -0.000255451 0.999933 0 0 0 0 1
0.99992 -0.00262945 0.0124051 0 0.00262587 0.999996 0.000304595 0 -0.0124058 -0.000271976 0.999923 0 0 0 0 1
0.999858 -0.00347778 0.016516 0 0.00345422 0.999993 0.00145508 0 -0.016521 -0.00139785 0.999862 0 0 0 0 1
0.999857 -0.00351304 0.016527 0 0.00350671 0.999994 0.000411704 0 -0.0165283 -0.000353664 0.999863 0 0 0 0 1
0.999885 -0.00311493 0.0148568 0 0.00309434 0.999994 0.00140902 0 -0.0148611 -0.0013629 0.999889 0 0 0 0 1
0.999871 -0.00334416 0.0156927 0 0.00333847 0.999994 0.000388533 0 -0.0156939 -0.000336111 0.999877 0 0 0 0 1
0.999885 -0.00310596 0.0148545 0 0.00308539 0.999994 0.001407 0 -0.0148588 -0.00136101 0.999889 0 0 0 0 1
0.999897 -0.00299884 0.0140373 0 0.0029943 0.999995 0.00034447 0 -0.0140382 -0.000302434 0.999901 0 0 0 0 1
0.999909 -0.0027447 0.0132044 0 0.00272694 0.999995 0.00136237 0 -0.0132081 -0.00132625 0.999912 0 0 0 0 1
0.99993 -0.00247555 0.0115597 0 0.00247247 0.999997 0.000280395 0 -0.0115603 -0.000251815 0.999933 0 0 0 0 1
0.999964 -0.00176809 0.00825763 0 0.00176652 0.999998 0.000197187 0 -0.00825796 -0.000182584 0.999966 0 0 0 0 1
0.999971 -0.0016892 0.00743552 0 0.00169566 0.999998 -0.000861809 0 -0.00743404 0.0008744 0.999972 0 0 0 0 1
0.999983 -0.0012347 0.00578192 0 0.00123394 0.999999 0.000135973 0 -0.00578206 -0.00012888 0.999983 0 0 0 0 1
0.999982 -0.00134039 0.00578376 0 0.00134563 0.999999 -0.000901967 0 -0.00578254 0.000909716 0.999983 0 0 0 0 1
0.999971 -0.00169178 0.00743689 0 0.00169824 0.999998 -0.000861958 0 -0.0074354 0.000874549 0.999972 0 0 0 0 1
0.999977 -0.00151675 0.00661127 0 0.00152262 0.999998 -0.000882179 0 -0.00660992 0.000892192 0.999978 0 0 0 0 1
0.999964 -0.00186663 0.0082655 0 0.00187365 0.999998 -0.000842199 0 -0.00826392 0.000857651 0.999965 0 0 0 0 1
0.999948 -0.00221592 0.00992083 0 0.00222399 0.999997 -0.000801876 0 -0.00991901 0.000823885 0.99995 0 0 0 0 1
0.999948 -0.00221644 0.00992308 0 0.00222451 0.999997 -0.000802204 0 -0.00992126 0.000824228 0.99995 0 0 0 0 1
0.999919 -0.00286539 0.0124054 0 0.00288764 0.999994 -0.00177568 0 -0.0124003 0.00181133 0.999921 0 0 0 0 1
0.999919 -0.00286643 0.0124099 0 0.00288869 0.999994 -0.00177635 0 -0.0124048 0.00181203 0.999921 0 0 0 0 1
0.999918 -0.00300754 0.0124096 0 0.00304263 0.999991 -0.00280973 0 -0.0124011 0.00284724 0.999919 0 0 0 0 1
0.999919 -0.00271608 0.0124287 0 0.00272558 0.999996 -0.000747219 0 -0.0124266 0.000781029 0.999922 0 0 0 0 1
0.999929 -0.00254677 0.0116049 0 0.00255585 0.999996 -0.000767946 0 -0.0116029 0.00079757 0.999932 0 0 0 0 1
0.999948 -0.00220741 0.00995006 0 0.00221555 0.999997 -0.000807807 0 -0.00994824 0.000829801 0.99995 0 0 0 0 1
0.999956 -0.00203847 0.00912382 0 0.00204611 0.999997 -0.00082764 0 -0.0091221 0.000846252 0.999958 0 0 0 0 1
0.999977 -0.00135903 0.00664659 0 0.0013581 0.999999 0.000143901 0 -0.00664676 -0.000134885 0.999978 0 0 0 0 1
0.999977 -0.00153458 0.00663599 0 0.00154048 0.999998 -0.00088428 0 -0.00663461 0.000894457 0.999977 0 0 0 0 1
0.999997 -0.00050856 0.00249413 0 0.000508431 1 5.24819e-005 0 -0.00249414 -5.12302e-005 0.999997 0 0 0 0 1
0.999994 -0.000859715 0.00331201 0 0.000862889 0.999999 -0.000957131 0 -0.00331118 0.000959978 0.999994 0 0 0 0 1
0.999994 -0.000676643 0.00332691 0 0.000676412 1 6.98268e-005 0 -0.00332696 -6.75917e-005 0.999994 0 0 0 0 1
0.999997 -0.00050755 0.00249558 0 0.000507422 1 5.20945e-005 0 -0.00249558 -5.08577e-005 0.999997 0 0 0 0 1
0.999997 -0.000694253 0.00248092 0 0.000696678 0.999999 -0.000974521 0 -0.00248022 0.000976235 0.999996 0 0 0 0 1
1 -0.000168782 0.000832126 0 0.000168765 1 1.71065e-005 0 -0.000832103 -1.69724e-005 1 0 0 0 0 1
0.999999 -0.000337608 0.00166438 0 0.000337549 1 3.43919e-005 0 -0.00166438 -3.38256e-005 0.999999 0 0 0 0 1
0.999997 -0.000506496 0.00249683 0 0.000506371 1 5.17219e-005 0 -0.00249684 -5.04702e-005 0.999997 0 0 0 0 1
0.999999 -0.000337696 0.00166475 0 0.000337638 1 3.43323e-005 0 -0.00166475 -3.3766e-005 0.999999 0 0 0 0 1
1 -0.000168856 0.000832438 0 0.000168839 1 1.70767e-005 0 -0.000832424 -1.69575e-005 1 0 0 0 0 1
1 -0.00016886 0.000832453 0 0.000168843 1 1.70618e-005 0 -0.000832438 -1.69426e-005 1 0 0 0 0 1
1 0.000193447 1.6585e-005 0 -0.000193466 0.999999 0.00102574 0 -1.63689e-005 -0.00102575 0.999999 0 0 0 0 1
1 0.000363134 -0.000815645 0 -0.000362312 0.999999 0.00100876 0 0.000816032 -0.00100851 0.999999 0 0 0 0 1
1 0.000556504 -0.000798613 0 -0.000554882 0.999998 0.00203465 0 0.000799753 -0.00203422 0.999998 0 0 0 0 1
0.999998 0.000727812 -0.00163018 0 -0.000724526 0.999998 0.00201763 0 0.00163166 -0.00201648 0.999997 0 0 0 0 1
1 0.00036346 -0.000815108 0 -0.000362637 0.999999 0.00100866 0 0.000815488 -0.00100838 0.999999 0 0 0 0 1
0.999998 0.000535637 -0.00164657 0 -0.000534002 0.999999 0.000991315 0 0.00164712 -0.00099045 0.999998 0 0 0 0 1
0.999999 0.000535591 -0.00164637 0 -0.000533959 0.999999 0.000991285 0 0.00164692 -0.000990435 0.999998 0 0 0 0 1
0.999997 0.00070853 -0.00247733 0 -0.000706121 0.999999 0.00097394 0 0.00247803 -0.000972211 0.999996 0 0 0 0 1
0.999997 0.000897884 -0.00246035 0 -0.000892969 0.999998 0.00200078 0 0.00246216 -0.00199859 0.999995 0 0 0 0 1
0.999987 0.00142156 -0.0049514 0 -0.00141193 0.999997 0.00194901 0 0.00495416 -0.00194199 0.999986 0 0 0 0 1
0.999987 0.00142123 -0.0049499 0 -0.0014116 0.999997 0.00194892 0 0.00495268 -0.0019419 0.999986 0 0 0 0 1
0.999963 0.00231135 -0.00825056 0 -0.00228741 0.999993 0.00290908 0 0.00825725 -0.0028901 0.999962 0 0 0 0 1
0.999956 0.00230613 -0.00909138 0 -0.00228929 0.999996 0.0018627 0 0.00909566 -0.0018418 0.999957 0 0 0 0 1
0.99997 0.00194912 -0.00743056 0 -0.00193508 0.999996 0.00189695 0 0.00743423 -0.00188249 0.999971 0 0 0 0 1
0.999956 0.00247977 -0.00906996 0 -0.00245362 0.999993 0.00289297 0 0.00907709 -0.00287059 0.999955 0 0 0 0 1
0.999948 0.00232093 -0.00991961 0 -0.00231298 0.999997 0.000812575 0 0.00992148 -0.000789583 0.99995 0 0 0 0 1
0.999948 0.00264829 -0.00989183 0 -0.00261995 0.999992 0.0028773 0 0.0098994 -0.00285122 0.999947 0 0 0 0 1
0.999939 0.00267008 -0.0107254 0 -0.00265064 0.999995 0.00182684 0 0.0107302 -0.00179832 0.999941 0 0 0 0 1
0.999948 0.00248684 -0.00989556 0 -0.00246871 0.999995 0.00184451 0 0.00990012 -0.00181997 0.999949 0 0 0 0 1
0.999987 0.00124091 -0.00494722 0 -0.00123638 0.999999 0.000919238 0 0.00494836 -0.000913128 0.999987 0 0 0 0 1
0.999919 0.00318351 -0.0123582 0 -0.0031488 0.999991 0.00282741 0 0.0123671 -0.00278828 0.99992 0 0 0 0 1
0.999964 0.00184113 -0.00825039 0 -0.00184277 0.999998 -0.000190571 0 0.00825004 0.000205785 0.999966 0 0 0 0 1
0.999957 0.00215936 -0.00906812 0 -0.00215195 0.999997 0.000827715 0 0.0090699 -0.000808164 0.999959 0 0 0 0 1
0.99994 0.00239775 -0.0107198 0 -0.00240052 0.999997 -0.000244886 0 0.0107192 0.000270605 0.999942 0 0 0 0 1
0.999949 0.00221302 -0.00989334 0 -0.00221538 0.999997 -0.000226662 0 0.00989281 0.000248581 0.999951 0 0 0 0 1
0.99993 0.00258122 -0.0115403 0 -0.00258442 0.999997 -0.000261977 0 0.0115396 0.00029178 0.999933 0 0 0 0 1
0.999908 0.00306464 -0.0131857 0 -0.00305512 0.999995 0.000742376 0 0.0131879 -0.000702024 0.999913 0 0 0 0 1
0.999908 0.00306433 -0.0131841 0 -0.0030548 0.999995 0.000742897 0 0.0131863 -0.00070253 0.999913 0 0 0 0 1
0.999909 0.00296246 -0.013181 0 -0.00296664 0.999996 -0.000296697 0 0.0131801 0.000335813 0.999913 0 0 0 0 1
0.99992 0.0027774 -0.0123569 0 -0.00278106 0.999996 -0.00027886 0 0.0123561 0.000313148 0.999924 0 0 0 0 1
0.999909 0.0029625 -0.0131808 0 -0.00296666 0.999996 -0.000295699 0 0.0131799 0.000334784 0.999913 0 0 0 0 1
0.999919 0.00285878 -0.0123644 0 -0.00284956 0.999996 0.000763714 0 0.0123665 -0.000728413 0.999923 0 0 0 0 1
0.99994 0.00241335 -0.0107097 0 -0.00241608 0.999997 -0.0002428 0 0.0107091 0.000268653 0.999943 0 0 0 0 1
0.99994 0.00241364 -0.0107109 0 -0.00241638 0.999997 -0.000242442 0 0.0107103 0.000268295 0.999943 0 0 0 0 1
0.999949 0.0022284 -0.00988831 0 -0.00223073 0.999997 -0.000224426 0 0.0098878 0.00024645 0.999951 0 0 0 0 1
0.999957 0.00204311 -0.00906565 0 -0.00204507 0.999998 -0.000206292 0 0.00906522 0.000224844 0.999959 0 0 0 0 1
0.999971 0.00167205 -0.00741846 0 -0.00167336 0.999999 -0.000169978 0 0.00741816 0.00018239 0.999972 0 0 0 0 1
0.999964 0.00185805 -0.00824405 0 -0.00185966 0.999998 -0.000187948 0 0.00824368 0.000203222 0.999966 0 0 0 0 1
0.999977 0.00148683 -0.00659632 0 -0.00148786 0.999999 -0.000151455 0 0.0065961 0.000161231 0.999978 0 0 0 0 1
0.999982 0.00130123 -0.00577264 0 -0.00130202 0.999999 -0.000132933 0 0.00577246 0.000140443 0.999983 0 0 0 0 1
0.999982 0.00130143 -0.00577349 0 -0.00130222 0.999999 -0.000132859 0 0.00577333 0.000140354 0.999983 0 0 0 0 1
0.999971 0.00163998 -0.0074069 0 -0.00164901 0.999998 -0.0012127 0 0.00740491 0.00122486 0.999972 0 0 0 0 1
0.999977 0.00145529 -0.00658315 0 -0.00146318 0.999998 -0.00119439 0 0.00658142 0.00120398 0.999978 0 0 0 0 1
0.999977 0.00148127 -0.0066037 0 -0.0014823 0.999999 -0.000150785 0 0.00660349 0.000160545 0.999978 0 0 0 0 1
0.999964 0.00182878 -0.00823687 0 -0.00183898 0.999998 -0.00123039 0 0.00823461 0.00124548 0.999965 0 0 0 0 1
0.99994 0.00236221 -0.0106977 0 -0.00238723 0.999994 -0.00232691 0 0.0106921 0.0023523 0.99994 0 0 0 0 1
0.99993 0.00256111 -0.0115505 0 -0.0025763 0.999996 -0.0013005 0 0.0115472 0.00133018 0.999932 0 0 0 0 1
0.999919 0.00274546 -0.0123833 0 -0.00276198 0.999995 -0.00131761 0 0.0123797 0.00135167 0.999922 0 0 0 0 1
0.99992 0.00274423 -0.0123662 0 -0.00277364 0.999993 -0.00236101 0 0.0123596 0.00239515 0.999921 0 0 0 0 1
0.999949 0.0021959 -0.00991324 0 -0.00220855 0.999997 -0.00126554 0 0.00991044 0.00128737 0.99995 0 0 0 0 1
0.999939 0.00237873 -0.0107473 0 -0.00239266 0.999996 -0.00128314 0 0.0107442 0.00130877 0.999941 0 0 0 0 1
0.999991 0.00092854 -0.00411729 0 -0.000933237 0.999999 -0.00113855 0 0.00411624 0.00114238 0.999991 0 0 0 0 1
0.999982 0.0012909 -0.00577765 0 -0.00129772 0.999998 -0.00117567 0 0.00577612 0.00118317 0.999983 0 0 0 0 1
0.999991 0.000905821 -0.00414912 0 -0.000906227 1 -9.55462e-005 0 0.00414905 9.92864e-005 0.999991 0 0 0 0 1
1 -0.000181232 0.000829898 0 0.000181213 1 1.95354e-005 0 -0.000829898 -1.94013e-005 1 0 0 0 0 1
0.999999 -0.00036245 0.00165967 0 0.000362383 1 3.92497e-005 0 -0.00165966 -3.86536e-005 0.999999 0 0 0 0 1
1 -0.000181206 0.000829779 0 0.000181189 1 1.95354e-005 0 -0.000829786 -1.94013e-005 1 0 0 0 0 1
0.999998 -0.00033484 0.00168984 0 0.000336537 0.999999 -0.00100386 0 -0.00168949 0.00100438 0.999998 0 0 0 0 1
0.999999 -0.0003615 0.00165946 0 0.000361433 1 3.92646e-005 0 -0.00165947 -3.86834e-005 0.999999 0 0 0 0 1
0.999999 -0.000361471 0.00165933 0 0.000361403 1 3.92646e-005 0 -0.00165934 -3.86834e-005 0.999999 0 0 0 0 1
0.999999 -0.000361435 0.00165917 0 0.000361368 1 3.92646e-005 0 -0.00165918 -3.86834e-005 0.999999 0 0 0 0 1
0.999997 -0.000542119 0.00248848 0 0.000541972 1 5.90831e-005 0 -0.00248849 -5.77718e-005 0.999997 0 0 0 0 1
0.999991 -0.000903448 0.00414671 0 0.000903042 1 9.92566e-005 0 -0.00414678 -9.55164e-005 0.999991 0 0 0 0 1
0.999991 -0.000903254 0.00414582 0 0.00090285 1 9.92268e-005 0 -0.00414589 -9.54866e-005 0.999991 0 0 0 0 1
0.999956 -0.001987 0.00911749 0 0.00198505 0.999998 0.00022313 0 -0.00911789 -0.000205025 0.999958 0 0 0 0 1
0.999964 -0.00180553 0.00828519 0 0.00180391 0.999998 0.00020197 0 -0.00828554 -0.000187039 0.999966 0 0 0 0 1
0.999982 -0.0012633 0.0057978 0 0.0012625 0.999999 0.000139743 0 -0.00579798 -0.000132427 0.999983 0 0 0 0 1
0.99992 -0.00273072 0.0123643 0 0.0027013 0.999993 0.00239521 0 -0.0123708 -0.00236161 0.999921 0 0 0 0 1
0.99992 -0.00272388 0.0123835 0 0.00270735 0.999995 0.00135154 0 -0.0123871 -0.0013179 0.999922 0 0 0 0 1
0.999872 -0.00345219 0.0156336 0 0.00339746 0.999988 0.00352608 0 -0.0156455 -0.00347248 0.999871 0 0 0 0 1
0.999858 -0.00364162 0.0164734 0 0.00360082 0.99999 0.00250511 0 -0.0164823 -0.00244543 0.999861 0 0 0 0 1
0.999759 -0.00474712 0.0214139 0 0.00469159 0.999986 0.00264275 0 -0.0214262 -0.00254163 0.999767 0 0 0 0 1
0.999701 -0.00530072 0.023875 0 0.00523738 0.999983 0.00271435 0 -0.0238889 -0.00258851 0.999711 0 0 0 0 1
0.999612 -0.00607708 0.0271759 0 0.00603117 0.99998 0.00177084 0 -0.0271862 -0.00160626 0.999629 0 0 0 0 1
0.999539 -0.00663381 0.0296377 0 0.00658193 0.999977 0.00184762 0 -0.0296493 -0.00165167 0.999559 0 0 0 0 1
0.99931 -0.00818549 0.0362311 0 0.00815395 0.999966 0.00101821 0 -0.0362382 -0.000722066 0.999343 0 0 0 0 1
0.999369 -0.0079715 0.0346076 0 0.00801455 0.999967 -0.00110529 0 -0.0345977 0.00138192 0.9994 0 0 0 0 1
0.999367 -0.008072 0.03463 0 0.00815086 0.999964 -0.00213681 0 -0.0346115 0.00241771 0.999398 0 0 0 0 1
0.999633 -0.00600922 0.0264072 0 0.00601984 0.999982 -0.000322625 0 -0.0264048 0.000481457 0.999651 0 0 0 0 1
0.999774 -0.00499975 0.020635 0 0.00505351 0.999984 -0.00255412 0 -0.0206219 0.00265782 0.999784 0 0 0 0 1
0.99987 -0.00376551 0.0156949 0 0.00379204 0.999991 -0.00166151 0 -0.0156885 0.00172082 0.999875 0 0 0 0 1
0.999919 -0.0028848 0.0124037 0 0.00289396 0.999996 -0.000720322 0 -0.0124015 0.000756159 0.999923 0 0 0 0 1
0.999964 -0.00214791 0.00825662 0 0.00216331 0.999996 -0.00185594 0 -0.0082526 0.00187376 0.999964 0 0 0 0 1
0.999987 -0.00125634 0.00495785 0 0.00126087 0.999999 -0.000910044 0 -0.0049567 0.000916228 0.999987 0 0 0 0 1
0.999991 -0.00107683 0.00413007 0 0.00108068 0.999999 -0.00093013 0 -0.00412905 0.000934571 0.999991 0 0 0 0 1
0.999994 -0.000897646 0.00330171 0 0.000900785 0.999999 -0.000950009 0 -0.00330085 0.000952959 0.999994 0 0 0 0 1
0.999994 -0.000897778 0.00330232 0 0.00090092 0.999999 -0.000950009 0 -0.00330146 0.000952959 0.999994 0 0 0 0 1
0.999987 -0.00125511 0.00496241 0 0.00125964 0.999999 -0.000910401 0 -0.00496125 0.000916645 0.999987 0 0 0 0 1
0.999987 -0.00107162 0.00497942 0 0.00107105 0.999999 0.00011608 0 -0.00497953 -0.000110745 0.999988 0 0 0 0 1
0.999991 -0.00107998 0.00413422 0 0.00108383 0.999999 -0.000929743 0 -0.0041332 0.000934213 0.999991 0 0 0 0 1
1 0.000191027 1.73971e-005 0 -0.000191048 0.999999 0.00102606 0 -1.71885e-005 -0.00102605 0.999999 0 0 0 0 1
0.999999 0.000357192 -0.00166035 0 -0.000357259 1 -3.75211e-005 0 0.00166034 3.81023e-005 0.999999 0 0 0 0 1
0.999999 0.000548182 -0.00164277 0 -0.000546556 0.999999 0.000988841 0 0.00164332 -0.000987977 0.999998 0 0 0 0 1
0.999997 0.000918061 -0.00245468 0 -0.000913158 0.999998 0.00199693 0 0.00245652 -0.00199471 0.999995 0 0 0 0 1
0.999991 0.00127913 -0.00411284 0 -0.00127108 0.999997 0.00196019 0 0.00411536 -0.00195493 0.99999 0 0 0 0 1
0.999976 0.00220128 -0.00656253 0 -0.00217532 0.99999 0.00396089 0 0.00657119 -0.00394653 0.999971 0 0 0 0 1
0.999964 0.00200838 -0.00826778 0 -0.00200151 0.999998 0.000839949 0 0.00826946 -0.000823393 0.999965 0 0 0 0 1
0.999982 0.00164012 -0.00576485 0 -0.00162906 0.999997 0.00192392 0 0.00576799 -0.00191449 0.999981 0 0 0 0 1
0.999977 0.00164536 -0.00660602 0 -0.00163961 0.999998 0.00087598 0 0.00660747 -0.000865132 0.999978 0 0 0 0 1
0.999964 0.00201299 -0.00825816 0 -0.00200613 0.999998 0.000839278 0 0.00825984 -0.000822678 0.999965 0 0 0 0 1
0.999855 0.0043826 -0.0164746 0 -0.00432123 0.999984 0.00375882 0 0.0164908 -0.0036871 0.999857 0 0 0 0 1
0.999793 0.00478992 -0.0197918 0 -0.00475863 0.999987 0.00162777 0 0.0197993 -0.00153327 0.999803 0 0 0 0 1
0.99981 0.00444191 -0.0189653 0 -0.00443112 0.99999 0.00061132 0 0.0189678 -0.000527188 0.99982 0 0 0 0 1
0.99981 0.00458843 -0.0189461 0 -0.00455801 0.999988 0.00164872 0 0.0189534 -0.00156209 0.999819 0 0 0 0 1
0.999827 0.00412197 -0.0181273 0 -0.00413002 0.999991 -0.000406906 0 0.0181255 0.00048171 0.999836 0 0 0 0 1
0.999811 0.00443728 -0.0189403 0 -0.00442641 0.99999 0.000616133 0 0.0189429 -0.00053218 0.99982 0 0 0 0 1
0.99976 0.00463723 -0.0214119 0 -0.00469285 0.999986 -0.00254835 0 0.0213998 0.00264819 0.999767 0 0 0 0 1
0.99974 0.00504273 -0.0222321 0 -0.00505469 0.999987 -0.000481799 0 0.0222294 0.000594065 0.999753 0 0 0 0 1
0.999778 0.00447399 -0.0205786 0 -0.004527 0.999986 -0.00253026 0 0.020567 0.00262286 0.999785 0 0 0 0 1
0.999812 0.00410466 -0.0189324 0 -0.00415266 0.999988 -0.00249663 0 0.018922 0.00257477 0.999818 0 0 0 0 1
0.999898 0.00300056 -0.0139904 0 -0.00303437 0.999993 -0.00239597 0 0.0139831 0.00243817 0.999899 0 0 0 0 1
0.99993 0.00258139 -0.0115399 0 -0.00258455 0.999997 -0.000258952 0 0.0115392 0.000288755 0.999933 0 0 0 0 1
0.999949 0.00215484 -0.00988112 0 -0.00216745 0.999997 -0.00126623 0 0.00987836 0.00128758 0.99995 0 0 0 0 1
0.999964 0.00178816 -0.00823323 0 -0.00179835 0.999998 -0.00123034 0 0.00823104 0.00124511 0.999965 0 0 0 0 1
0.999977 0.00146932 -0.00659887 0 -0.00147035 0.999999 -0.000151023 0 0.00659866 0.000160709 0.999978 0 0 0 0 1
0.999997 0.000509586 -0.00245925 0 -0.000512294 0.999999 -0.00110078 0 0.00245871 0.00110199 0.999996 0 0 0 0 1
0.999999 0.000366623 -0.00165015 0 -0.00036669 1 -3.86238e-005 0 0.00165015 3.92199e-005 0.999999 0 0 0 0 1
1 0.000144755 -0.000808895 0 -0.000145614 0.999999 -0.00106244 0 0.000808738 0.00106256 0.999999 0 0 0 0 1
0.999999 0.000365783 -0.00165042 0 -0.00036585 1 -3.86089e-005 0 0.00165042 3.9205e-005 0.999999 0 0 0 0 1
1 0.000182904 -0.000825226 0 -0.000182921 1 -1.93864e-005 0 0.000825234 1.95205e-005 1 0 0 0 0 1
0.999999 0.000328533 -0.00163408 0 -0.000330301 0.999999 -0.00108172 0 0.00163373 0.00108221 0.999998 0 0 0 0 1
0.999999 0.000364956 -0.00165076 0 -0.000365023 1 -3.85791e-005 0 0.00165077 3.91603e-005 0.999999 0 0 0 0 1
0.999999 0.00036497 -0.00165083 0 -0.000365037 1 -3.85642e-005 0 0.00165083 3.91752e-005 0.999999 0 0 0 0 1
0.999999 0.000330305 -0.00163391 0 -0.000332072 0.999999 -0.00108175 0 0.00163356 0.00108227 0.999998 0 0 0 0 1
1 0.000182077 -0.000825569 0 -0.000182092 1 -1.93566e-005 0 0.000825576 1.94907e-005 1 0 0 0 0 1
1 0.000182083 -0.000825591 0 -0.000182098 1 -1.93566e-005 0 0.000825591 1.94907e-005 1 0 0 0 0 1
0.999999 -0.000364207 0.00165115 0 0.000364138 1 3.91304e-005 0 -0.00165115 -3.85195e-005 0.999999 0 0 0 0 1
0.999999 -0.000364188 0.00165108 0 0.000364121 1 3.91304e-005 0 -0.00165108 -3.85195e-005 0.999999 0 0 0 0 1
0.999997 -0.000546278 0.00247648 0 0.000546133 1 5.89043e-005 0 -0.0024765 -5.75483e-005 0.999997 0 0 0 0 1
0.999994 -0.000728356 0.00330177 0 0.000728099 1 7.88569e-005 0 -0.0033018 -7.64579e-005 0.999994 0 0 0 0 1
0.999909 -0.00291432 0.0132038 0 0.00291022 0.999996 0.000329882 0 -0.0132047 -0.000291422 0.999913 0 0 0 0 1
0.999795 -0.00433803 0.0197811 0 0.00430817 0.99999 0.00155164 0 -0.0197876 -0.00146611 0.999803 0 0 0 0 1
0.999563 -0.00639048 0.0288565 0 0.00637083 0.999979 0.000772998 0 -0.0288608 -0.00058879 0.999583 0 0 0 0 1
0.998997 -0.00977335 0.0437066 0 0.00981926 0.999951 -0.00083594 0 -0.0436963 0.00126427 0.999044 0 0 0 0 1
0.998441 -0.0122602 0.0544489 0 0.0124168 0.99992 -0.00253858 0 -0.0544134 0.00321071 0.998513 0 0 0 0 1
0.998242 -0.0130791 0.0578116 0 0.0133009 0.999906 -0.00345281 0 -0.057761 0.0042157 0.998321 0 0 0 0 1
0.998521 -0.0122877 0.0529542 0 0.0126063 0.999904 -0.0056873 0 -0.0528793 0.0063464 0.998581 0 0 0 0 1
0.999058 -0.00959479 0.0423088 0 0.00972926 0.999948 -0.00297362 0 -0.0422781 0.00338244 0.9991 0 0 0 0 1
0.999527 -0.0072024 0.0298986 0 0.00733621 0.999963 -0.00436845 0 -0.0298661 0.0045857 0.999543 0 0 0 0 1
0.999838 -0.00424155 0.0174653 0 0.00428868 0.999987 -0.00266175 0 -0.0174538 0.0027362 0.999844 0 0 0 0 1
0.999937 -0.00288329 0.0107979 0 0.00291391 0.999992 -0.00282113 0 -0.0107896 0.00285241 0.999938 0 0 0 0 1
0.999982 -0.00141798 0.00583135 0 0.00142324 0.999999 -0.00089711 0 -0.00583006 0.000905409 0.999982 0 0 0 0 1
1 -0.000401663 0.000812456 0 0.000402479 0.999999 -0.00100079 0 -0.000812039 0.0010011 0.999999 0 0 0 0 1
1 0.000169387 -0.000836782 0 -0.000169404 1 -1.6436e-005 0 0.00083679 1.65701e-005 1 0 0 0 0 1
0.999994 0.000911269 -0.00332163 0 -0.000908112 0.999999 0.000952989 0 0.0033225 -0.000950009 0.999994 0 0 0 0 1
0.999994 0.000911072 -0.00332075 0 -0.000907913 0.999999 0.000952914 0 0.00332163 -0.000949919 0.999994 0 0 0 0 1
0.999991 0.00108131 -0.00415565 0 -0.00107742 0.999999 0.000936821 0 0.00415666 -0.000932351 0.999991 0 0 0 0 1
0.99997 0.00199445 -0.00747104 0 -0.00198036 0.999996 0.00189318 0 0.00747481 -0.00187832 0.99997 0 0 0 0 1
0.999788 0.00526716 -0.0199013 0 -0.00517382 0.999975 0.00473893 0 0.0199258 -0.00463498 0.999791 0 0 0 0 1
0.998939 0.0107218 -0.04478 0 -0.0104899 0.99993 0.00541164 0 0.0448349 -0.00493619 0.998982 0 0 0 0 1
0.997686 0.0159401 -0.0660951 0 -0.0154257 0.999847 0.00828527 0 0.0662171 -0.00724655 0.997779 0 0 0 0 1
0.996409 0.0195027 -0.0823918 0 -0.0188931 0.999788 0.00817199 0 0.0825338 -0.00658603 0.996566 0 0 0 0 1
0.996836 0.0182273 -0.077373 0 -0.0177257 0.999817 0.00716443 0 0.0774894 -0.00577025 0.996976 0 0 0 0 1
0.997877 0.0147414 -0.0634294 0 -0.0145067 0.999886 0.00416005 0 0.0634835 -0.00323109 0.997978 0 0 0 0 1
0.99844 0.012486 -0.0544288 0 -0.0124426 0.999922 0.00113687 0 0.0544387 -0.000457853 0.998517 0 0 0 0 1
0.998836 0.0106711 -0.0470355 0 -0.0108211 0.999937 -0.00293733 0 0.0470012 0.00344288 0.998889 0 0 0 0 1
