
0.999999 0.000157955 0.00124187 0 -0.00015796 1 4.02331e-006 0 -0.00124187 -4.22448e-006 0.999999 0 0 0 0 1
0.999999 0.000157952 0.00124182 0 -0.000157957 1 3.97116e-006 0 -0.00124182 -4.15742e-006 0.999999 0 0 0 0 1
0.999999 0.000157949 0.00124178 0 -0.000157954 1 3.92646e-006 0 -0.00124178 -4.12017e-006 0.999999 0 0 0 0 1
0.999999 0.000246962 0.0012303 0 -0.000244915 0.999999 -0.00166355 0 -0.00123071 0.00166324 0.999998 0 0 0 0 1
0.999999 0.000158979 0.00124157 0 -0.000158984 1 3.89665e-006 0 -0.00124157 -4.09037e-006 0.999999 0 0 0 0 1
0.999999 0.000158976 0.00124152 0 -0.000158981 1 3.83705e-006 0 -0.00124152 -4.03076e-006 0.999999 0 0 0 0 1
0.999999 0.000158973 0.00124148 0 -0.000158978 1 3.78489e-006 0 -0.00124148 -3.97861e-006 0.999999 0 0 0 0 1
0.999993 0.000476892 0.00372423 0 -0.000476934 1 1.04979e-005 0 -0.00372423 -1.22711e-005 0.999993 0 0 0 0 1
0.999999 0.000158963 0.00124133 0 -0.000158968 1 3.59863e-006 0 -0.00124133 -3.79235e-006 0.999999 0 0 0 0 1
0.999997 0.000399679 0.00247196 0 -0.000395574 0.999999 -0.00166111 0 -0.00247262 0.00166013 0.999996 0 0 0 0 1
0.999997 0.000399665 0.00247176 0 -0.00039556 0.999999 -0.00166138 0 -0.00247242 0.00166041 0.999996 0 0 0 0 1
0.999997 0.000322037 0.00248173 0 -0.000322054 1 6.65337e-006 0 -0.00248173 -7.45058e-006 0.999997 0 0 0 0 1
0.999993 0.00048303 0.00372232 0 -0.000483068 1 9.30578e-006 0 -0.00372231 -1.11163e-005 0.999993 0 0 0 0 1
0.999997 0.000322014 0.00248138 0 -0.00032203 1 6.16908e-006 0 -0.00248138 -6.96629e-006 0.999997 0 0 0 0 1
0.999988 0.000643987 0.00496238 0 -0.000644049 1 1.09524e-005 0 -0.00496237 -1.41338e-005 0.999988 0 0 0 0 1
0.999981 0.000804929 0.00620227 0 -0.00080502 1 1.20625e-005 0 -0.00620226 -1.70618e-005 0.999981 0 0 0 0 1
0.999972 0.00103104 0.00743325 0 -0.00101876 0.999998 -0.00165685 0 -0.00743495 0.00164923 0.999971 0 0 0 0 1
0.999972 0.000972003 0.00744009 0 -0.00097211 1 1.06841e-005 0 -0.00744008 -1.79112e-005 0.999972 0 0 0 0 1
0.999962 0.00113393 0.00867908 0 -0.00113406 0.999999 9.48459e-006 0 -0.00867906 -1.93194e-005 0.999962 0 0 0 0 1
0.999972 0.000926369 0.0074444 0 -0.000938874 0.999998 0.00167644 0 -0.00744284 -0.00168338 0.999971 0 0 0 0 1
0.999972 0.000926337 0.00744381 0 -0.000938827 0.999998 0.00167459 0 -0.00744224 -0.00168153 0.999971 0 0 0 0 1
0.999962 0.00108517 0.00868324 0 -0.00109974 0.999998 0.00167243 0 -0.00868141 -0.00168191 0.999961 0 0 0 0 1
0.999937 0.0014008 0.0111627 0 -0.0014195 0.999998 0.00166792 0 -0.0111603 -0.00168367 0.999936 0 0 0 0 1
0.99995 0.00126264 0.00991988 0 -0.00126266 0.999999 -4.00096e-006 0 -0.00991988 -8.52346e-006 0.999951 0 0 0 0 1
0.999937 0.00140909 0.0111612 0 -0.00142771 0.999998 0.00166063 0 -0.0111588 -0.00167646 0.999936 0 0 0 0 1
0.99995 0.00125336 0.00992123 0 -0.00126989 0.999998 0.00165918 0 -0.00991913 -0.00167169 0.99995 0 0 0 0 1
0.999937 0.00140815 0.0111622 0 -0.00142669 0.999998 0.00165345 0 -0.0111598 -0.00166928 0.999936 0 0 0 0 1
0.999962 0.0011008 0.00868172 0 -0.00111522 0.999998 0.00165572 0 -0.00867988 -0.00166535 0.999961 0 0 0 0 1
0.999962 0.00107601 0.00868553 0 -0.00107592 1 -1.5378e-005 0 -0.00868554 6.02752e-006 0.999962 0 0 0 0 1
0.999981 0.000802789 0.00620035 0 -0.00081308 0.999998 0.00165735 0 -0.00619901 -0.00166237 0.999979 0 0 0 0 1
0.999993 0.000458075 0.00372337 0 -0.000458053 1 -6.68317e-006 0 -0.00372338 4.97699e-006 0.999993 0 0 0 0 1
0.999993 0.000458089 0.00372357 0 -0.000458066 1 -7.0855e-006 0 -0.00372358 5.37187e-006 0.999993 0 0 0 0 1
0.999999 0.000152697 0.00124124 0 -0.000152694 1 -2.25008e-006 0 -0.00124124 2.06381e-006 0.999999 0 0 0 0 1
0.999999 0.000152699 0.00124126 0 -0.000152696 1 -2.28733e-006 0 -0.00124126 2.10106e-006 0.999999 0 0 0 0 1
0.999997 0.000356151 0.00247642 0 -0.000360271 0.999999 0.0016634 0 -0.00247583 -0.00166428 0.999996 0 0 0 0 1
0.999999 -0.000151664 -0.00124144 0 0.000151667 1 2.16812e-006 0 0.00124144 -2.36183e-006 0.999999 0 0 0 0 1
0.999999 -0.000151662 -0.00124142 0 0.000151665 1 2.12342e-006 0 0.00124142 -2.31713e-006 0.999999 0 0 0 0 1
0.999997 -0.000358193 -0.00247598 0 0.000354072 0.999999 -0.00166451 0 0.00247657 0.00166363 0.999996 0 0 0 0 1
0.999988 -0.000610746 -0.00496472 0 0.000610787 1 6.71297e-006 0 0.00496471 -9.73791e-006 0.999988 0 0 0 0 1
0.999988 -0.000610724 -0.00496436 0 0.000610761 1 6.01262e-006 0 0.00496436 -9.045e-006 0.999988 0 0 0 0 1
0.999972 -0.000964695 -0.00743987 0 0.000952352 0.999998 -0.00166236 0 0.00744146 0.00165523 0.999971 0 0 0 0 1
0.999962 -0.00111938 -0.00867977 0 0.00110498 0.999998 -0.00166401 0 0.00868162 0.00165435 0.999961 0 0 0 0 1
0.999937 -0.00143085 -0.0111597 0 0.00141233 0.999998 -0.0016676 0 0.011162 0.00165172 0.999936 0 0 0 0 1
0.999937 -0.00143082 -0.0111589 0 0.00141225 0.999998 -0.00167137 0 0.0111613 0.0016555 0.999936 0 0 0 0 1
0.999906 -0.00174645 -0.0136383 0 0.00172371 0.999997 -0.0016791 0 0.0136412 0.00165543 0.999906 0 0 0 0 1
0.999868 -0.00206422 -0.0161179 0 0.00203723 0.999997 -0.00169078 0 0.0161213 0.00165769 0.999869 0 0 0 0 1
0.999888 -0.00190652 -0.014879 0 0.00190635 0.999998 -2.56076e-005 0 0.014879 -2.75671e-006 0.999889 0 0 0 0 1
0.999888 -0.0018922 -0.0148827 0 0.00186708 0.999997 -0.00170181 0 0.0148859 0.00167383 0.999888 0 0 0 0 1
0.999847 -0.00223927 -0.0173623 0 0.00223874 0.999998 -4.98444e-005 0 0.0173623 1.09747e-005 0.999849 0 0 0 0 1
0.999905 -0.00171726 -0.013651 0 0.00169406 0.999997 -0.00171116 0 0.0136539 0.00168787 0.999906 0 0 0 0 1
0.999887 -0.00187966 -0.0148955 0 0.00185419 0.999997 -0.00172309 0 0.0148987 0.00169528 0.999888 0 0 0 0 1
0.999847 -0.00220644 -0.0173829 0 0.00217645 0.999996 -0.0017442 0 0.0173867 0.00170611 0.999847 0 0 0 0 1
0.999868 -0.00204283 -0.01615 0 0.00201489 0.999997 -0.00174638 0 0.0161535 0.00171361 0.999868 0 0 0 0 1
0.999823 -0.00237423 -0.0186428 0 0.00234159 0.999996 -0.00177255 0 0.018647 0.00172858 0.999825 0 0 0 0 1
0.999823 -0.00248075 -0.0186417 0 0.00247895 0.999997 -0.000119664 0 0.0186419 7.34329e-005 0.999826 0 0 0 0 1
0.999772 -0.00269398 -0.0211607 0 0.00265613 0.999995 -0.00181649 0 0.0211655 0.00175986 0.999775 0 0 0 0 1
0.999715 -0.00303111 -0.0236727 0 0.00298799 0.999994 -0.00185668 0 0.0236782 0.00178543 0.999718 0 0 0 0 1
0.999714 -0.00287933 -0.0237245 0 0.00279623 0.99999 -0.00353555 0 0.0237344 0.00346822 0.999712 0 0 0 0 1
0.999797 -0.00254217 -0.0199892 0 0.00250559 0.999995 -0.00185474 0 0.0199938 0.00180428 0.999799 0 0 0 0 1
0.999821 -0.00237182 -0.0187656 0 0.00233743 0.999996 -0.00185403 0 0.01877 0.00180984 0.999822 0 0 0 0 1
0.999904 -0.00168004 -0.013786 0 0.00165532 0.999997 -0.00180461 0 0.013789 0.00178162 0.999903 0 0 0 0 1
0.999935 -0.00133214 -0.0112963 0 0.00131211 0.999998 -0.00178059 0 0.0112986 0.00176565 0.999935 0 0 0 0 1
0.999987 -0.000697369 -0.00500889 0 0.000697092 1 -5.68852e-005 0 0.00500893 5.34058e-005 0.999988 0 0 0 0 1
1 0.000250255 -3.55772e-005 0 -0.000250314 0.999999 -0.00165198 0 3.51637e-005 0.00165199 0.999999 0 0 0 0 1
0.999999 0.000175347 0.00125228 0 -0.000175364 1 1.39326e-005 0 -0.00125228 -1.41561e-005 0.999999 0 0 0 0 1
0.999999 0.000175337 0.00125214 0 -0.000175354 1 1.38655e-005 0 -0.00125213 -1.4089e-005 0.999999 0 0 0 0 1
0.999997 0.000600877 0.00246817 0 -0.000596866 0.999999 -0.00162537 0 -0.00246914 0.00162388 0.999996 0 0 0 0 1
0.999997 0.000600836 0.00246749 0 -0.000596825 0.999999 -0.00162573 0 -0.00246846 0.00162426 0.999996 0 0 0 0 1
0.999987 0.000709311 0.00500431 0 -0.00070959 1 5.38379e-005 0 -0.00500427 -5.73844e-005 0.999988 0 0 0 0 1
0.99998 0.000886423 0.00625275 0 -0.000886849 1 6.53639e-005 0 -0.00625269 -7.09146e-005 0.999981 0 0 0 0 1
0.999971 0.00130432 0.00746469 0 -0.00129256 0.999998 -0.00157969 0 -0.00746673 0.00156999 0.999971 0 0 0 0 1
0.999961 0.00124749 0.00874333 0 -0.00124829 0.999999 8.58605e-005 0 -0.00874322 -9.67756e-005 0.999962 0 0 0 0 1
0.999949 0.00142523 0.00998594 0 -0.00142624 0.999999 9.35793e-005 0 -0.0099858 -0.00010781 0.99995 0 0 0 0 1
0.999936 0.0016028 0.0112262 0 -0.00160402 0.999999 9.96292e-005 0 -0.0112261 -0.000117637 0.999937 0 0 0 0 1
0.999904 0.00195813 0.01371 0 -0.00195986 0.999998 0.000112645 0 -0.0137098 -0.000139497 0.999906 0 0 0 0 1
0.999866 0.00210726 0.0162175 0 -0.00213644 0.999996 0.00178241 0 -0.0162137 -0.00181682 0.999867 0 0 0 0 1
0.999886 0.00193069 0.0149589 0 -0.00195732 0.999997 0.0017654 0 -0.0149555 -0.00179449 0.999887 0 0 0 0 1
0.999846 0.00227916 0.0174333 0 -0.00231034 0.999996 0.00176856 0 -0.0174292 -0.00180856 0.999847 0 0 0 0 1
0.999867 0.00193929 0.0161995 0 -0.0019949 0.999992 0.00341735 0 -0.0161927 -0.00344921 0.999863 0 0 0 0 1
0.999846 0.0024152 0.0173876 0 -0.00241694 0.999997 7.91103e-005 0 -0.0173874 -0.000121117 0.999849 0 0 0 0 1
0.999867 0.00210456 0.0161543 0 -0.00213282 0.999996 0.00173209 0 -0.0161506 -0.00176631 0.999868 0 0 0 0 1
0.999824 0.0024446 0.0186259 0 -0.00247719 0.999996 0.00172706 0 -0.0186216 -0.0017729 0.999825 0 0 0 0 1
0.999824 0.00244404 0.0186156 0 -0.00247639 0.999996 0.00171458 0 -0.0186114 -0.00176037 0.999825 0 0 0 0 1
0.9998 0.00261174 0.0198464 0 -0.00264604 0.999995 0.00170238 0 -0.0198418 -0.00175454 0.999802 0 0 0 0 1
0.999824 0.00244427 0.0185996 0 -0.00247611 0.999996 0.00168933 0 -0.0185954 -0.00173508 0.999826 0 0 0 0 1
0.999847 0.00234006 0.0173472 0 -0.00234056 0.999997 8.56817e-006 0 -0.0173472 -4.91738e-005 0.99985 0 0 0 0 1
0.999888 0.00191465 0.0148789 0 -0.00196458 0.999993 0.00334209 0 -0.0148724 -0.00337095 0.999884 0 0 0 0 1
0.999922 0.00161968 0.0123949 0 -0.00164048 0.999997 0.00166771 0 -0.0123921 -0.00168791 0.999922 0 0 0 0 1
0.999962 0.00114828 0.00867429 0 -0.0011483 0.999999 -2.65986e-006 0 -0.00867429 -7.30157e-006 0.999962 0 0 0 0 1
0.999981 0.000811931 0.006197 0 -0.00082228 0.999998 0.00166774 0 -0.00619563 -0.0016728 0.999979 0 0 0 0 1
0.999981 0.000811936 0.00619702 0 -0.000822278 0.999998 0.0016664 0 -0.00619566 -0.00167146 0.999979 0 0 0 0 1
0.999981 0.000809876 0.00619738 0 -0.000809861 1 -4.85778e-006 0 -0.00619738 -1.56462e-007 0.999981 0 0 0 0 1
0.999981 0.000817136 0.00619659 0 -0.00082746 0.999998 0.00166377 0 -0.00619522 -0.00166888 0.999979 0 0 0 0 1
0.999981 0.000804732 0.00619841 0 -0.000804703 1 -7.25687e-006 0 -0.00619841 2.27988e-006 0.999981 0 0 0 0 1
0.999981 0.000804754 0.00619868 0 -0.000804717 1 -8.47876e-006 0 -0.00619868 3.50177e-006 0.999981 0 0 0 0 1
0.999981 0.000804779 0.006199 0 -0.000804734 1 -9.70066e-006 0 -0.00619901 4.71622e-006 0.999981 0 0 0 0 1
0.999962 0.00115263 0.0086759 0 -0.00116701 0.999998 0.00165235 0 -0.00867398 -0.0016624 0.999961 0 0 0 0 1
0.999972 0.000959628 0.00744089 0 -0.000959538 1 -1.57282e-005 0 -0.00744091 8.59797e-006 0.999972 0 0 0 0 1
0.999962 0.00115899 0.008677 0 -0.00117333 0.999998 0.00164767 0 -0.00867507 -0.00165779 0.999961 0 0 0 0 1
0.999972 0.000953554 0.00744354 0 -0.000953438 1 -1.92672e-005 0 -0.00744356 1.21668e-005 0.999972 0 0 0 0 1
0.999972 0.00100746 0.00743773 0 -0.00101974 0.999998 0.00164741 0 -0.00743606 -0.00165495 0.999971 0 0 0 0 1
0.999972 0.000947498 0.00744648 0 -0.000947358 1 -2.24188e-005 0 -0.0074465 1.53631e-005 0.999972 0 0 0 0 1
0.999981 0.000789641 0.00620636 0 -0.000789536 1 -1.94833e-005 0 -0.00620638 1.45957e-005 0.999981 0 0 0 0 1
0.999988 0.000631752 0.00496576 0 -0.00063168 1 -1.60336e-005 0 -0.00496577 1.29119e-005 0.999988 0 0 0 0 1
0.999999 0.000157938 0.00124154 0 -0.000157933 1 -3.8296e-006 0 -0.00124154 3.64333e-006 0.999999 0 0 0 0 1
0.999988 0.000631805 0.00496653 0 -0.000631729 1 -1.69873e-005 0 -0.00496654 1.38506e-005 0.999988 0 0 0 0 1
0.999997 0.000315912 0.00248353 0 -0.000315892 1 -8.38935e-006 0 -0.00248353 7.59959e-006 0.999997 0 0 0 0 1
0.999999 0.000157957 0.00124182 0 -0.000157952 1 -4.14997e-006 0 -0.00124182 3.96371e-006 0.999999 0 0 0 0 1
0.999999 0.00015796 0.00124187 0 -0.000157955 1 -4.21703e-006 0 -0.00124187 4.01586e-006 0.999999 0 0 0 0 1
0.999997 -0.000315902 -0.00248369 0 0.000315922 1 7.80076e-006 0 0.00248369 -8.58307e-006 0.999997 0 0 0 0 1
0.999997 -0.000406976 -0.00247181 0 0.000402874 0.999999 -0.00165981 0 0.00247248 0.00165882 0.999996 0 0 0 0 1
0.999993 -0.000476913 -0.00372457 0 0.000476957 1 1.09151e-005 0 0.00372457 -1.26958e-005 0.999993 0 0 0 0 1
0.999988 -0.000723814 -0.00495416 0 0.000715626 0.999998 -0.00165436 0 0.00495535 0.00165081 0.999986 0 0 0 0 1
0.999988 -0.00063994 -0.0049644 0 0.000640012 1 1.29119e-005 0 0.00496439 -1.60858e-005 0.999988 0 0 0 0 1
0.999981 -0.000961292 -0.00618347 0 0.000940761 0.999994 -0.00332227 0 0.00618663 0.0033164 0.999976 0 0 0 0 1
0.999962 -0.00113418 -0.00868326 0 0.00113437 0.999999 1.7494e-005 0 0.00868323 -2.73362e-005 0.999962 0 0 0 0 1
0.999962 -0.00113409 -0.00868179 0 0.00113426 0.999999 1.50427e-005 0 0.00868177 -2.48924e-005 0.999962 0 0 0 0 1
0.999972 -0.00103412 -0.00743234 0 0.00102182 0.999998 -0.00165772 0 0.00743404 0.00165009 0.999971 0 0 0 0 1
0.999972 -0.00103407 -0.00743145 0 0.00102176 0.999998 -0.00165964 0 0.00743315 0.00165199 0.999971 0 0 0 0 1
0.999988 -0.000656253 -0.0049583 0 0.000656294 1 6.52671e-006 0 0.0049583 -9.77516e-006 0.999988 0 0 0 0 1
0.999972 -0.00102986 -0.00743079 0 0.00101753 0.999998 -0.00166287 0 0.00743249 0.00165526 0.999971 0 0 0 0 1
0.999981 -0.000825431 -0.00619629 0 0.000825478 1 5.05894e-006 0 0.00619628 -1.01626e-005 0.999981 0 0 0 0 1
0.999972 -0.000990488 -0.0074351 0 0.000990543 1 3.74764e-006 0 0.00743509 -1.11163e-005 0.999972 0 0 0 0 1
0.999962 -0.00115554 -0.00867379 0 0.00115559 0.999999 1.30385e-006 0 0.00867378 -1.13323e-005 0.999962 0 0 0 0 1
0.999962 -0.00115553 -0.00867345 0 0.00115556 0.999999 -1.2219e-006 0 0.00867345 -8.79169e-006 0.999963 0 0 0 0 1
0.999922 -0.00166833 -0.0123879 0 0.00164764 0.999997 -0.00167954 0 0.0123906 0.00165899 0.999922 0 0 0 0 1
0.99995 -0.00133408 -0.00991055 0 0.00131749 0.999998 -0.0016799 0 0.00991277 0.00166674 0.99995 0 0 0 0 1
0.999906 -0.00183868 -0.0136268 0 0.00183855 0.999998 -2.21208e-005 0 0.0136269 -2.93553e-006 0.999907 0 0 0 0 1
0.999888 -0.00200599 -0.014867 0 0.00200572 0.999998 -3.26559e-005 0 0.0148671 2.84612e-006 0.99989 0 0 0 0 1
0.999868 -0.00215168 -0.0161116 0 0.00212432 0.999996 -0.00171515 0 0.0161152 0.00168071 0.999869 0 0 0 0 1
0.999887 -0.00198272 -0.0148763 0 0.00195737 0.999997 -0.00171855 0 0.0148796 0.00168924 0.999888 0 0 0 0 1
0.999887 -0.00198306 -0.0148805 0 0.00195759 0.999997 -0.00172649 0 0.0148838 0.00169716 0.999888 0 0 0 0 1
0.999868 -0.0022149 -0.0161169 0 0.00221401 0.999998 -7.31423e-005 0 0.0161171 3.74466e-005 0.99987 0 0 0 0 1
0.999922 -0.00170407 -0.0124026 0 0.00170346 0.999999 -5.94333e-005 0 0.0124026 3.8296e-005 0.999923 0 0 0 0 1
0.999905 -0.00178906 -0.01366 0 0.00176545 0.999997 -0.00174017 0 0.0136631 0.00171588 0.999905 0 0 0 0 1
0.999905 -0.00188675 -0.0136527 0 0.00188582 0.999998 -8.04663e-005 0 0.0136529 5.47096e-005 0.999907 0 0 0 0 1
0.999905 -0.00188725 -0.0136596 0 0.00188624 0.999998 -8.72388e-005 0 0.0136598 6.14673e-005 0.999907 0 0 0 0 1
0.999921 -0.00171613 -0.0124245 0 0.00171521 0.999999 -8.41394e-005 0 0.0124246 6.28233e-005 0.999923 0 0 0 0 1
0.999887 -0.0021894 -0.0149004 0 0.00221278 0.999996 0.00155269 0 0.0148969 -0.00158548 0.999888 0 0 0 0 1
0.999905 -0.00187766 -0.013686 0 0.00187638 0.999998 -0.000106461 0 0.0136861 8.07717e-005 0.999907 0 0 0 0 1
0.999867 -0.00237214 -0.0161657 0 0.00239708 0.999996 0.00152376 0 0.016162 -0.00156231 0.999868 0 0 0 0 1
0.999845 -0.00237758 -0.0174497 0 0.00237518 0.999997 -0.000158109 0 0.0174501 0.000116631 0.999848 0 0 0 0 1
0.999866 -0.00220886 -0.0162198 0 0.00220663 0.999998 -0.000155158 0 0.0162201 0.000119351 0.999869 0 0 0 0 1
0.999866 -0.00221006 -0.0162367 0 0.00220768 0.999998 -0.000164561 0 0.016237 0.000128701 0.999868 0 0 0 0 1
0.999936 -0.00153055 -0.0112515 0 0.00152935 0.999999 -0.000115633 0 0.0112517 9.84073e-005 0.999937 0 0 0 0 1
0.999935 -0.00131087 -0.0112912 0 0.00129093 0.999998 -0.00177351 0 0.0112935 0.00175881 0.999935 0 0 0 0 1
0.999961 -0.00119851 -0.00876386 0 0.00119772 0.999999 -9.62168e-005 0 0.00876397 8.57189e-005 0.999962 0 0 0 0 1
0.999971 -0.00102757 -0.00751658 0 0.00102697 1 -8.40425e-005 0 0.00751666 7.63163e-005 0.999972 0 0 0 0 1
0.999987 -0.00068515 -0.00501355 0 0.000684877 1 -5.63115e-005 0 0.00501359 5.28842e-005 0.999988 0 0 0 0 1
0.999987 -0.000432924 -0.00505082 0 0.000424306 0.999999 -0.00170731 0 0.00505155 0.00170514 0.999986 0 0 0 0 1
0.999997 -0.00034473 -0.00250827 0 0.000344659 1 -2.88635e-005 0 0.00250828 2.79918e-005 0.999997 0 0 0 0 1
1 0.000262693 -3.69257e-005 0 -0.000262753 0.999999 -0.00164983 0 3.64922e-005 0.00164983 0.999999 0 0 0 0 1
0.999999 0.000173377 0.00125406 0 -0.000173395 1 1.43126e-005 0 -0.00125406 -1.45286e-005 0.999999 0 0 0 0 1
0.999997 0.000346711 0.00250775 0 -0.000346783 1 2.82153e-005 0 -0.00250774 -2.9102e-005 0.999997 0 0 0 0 1
0.999997 0.000608322 0.00247025 0 -0.000604314 0.999999 -0.00162277 0 -0.00247123 0.00162127 0.999996 0 0 0 0 1
0.999993 0.000523029 0.00375948 0 -0.000523189 1 4.17084e-005 0 -0.00375946 -4.36679e-005 0.999993 0 0 0 0 1
0.999987 0.00069722 0.00501087 0 -0.000697501 1 5.43371e-005 0 -0.00501084 -5.78314e-005 0.999987 0 0 0 0 1
0.999971 0.00130195 0.00747625 0 -0.00129021 0.999998 -0.00157444 0 -0.00747828 0.00156476 0.999971 0 0 0 0 1
0.999935 0.00183011 0.0112234 0 -0.00181291 0.999997 -0.00154226 0 -0.0112262 0.0015218 0.999936 0 0 0 0 1
0.999904 0.00193753 0.0137474 0 -0.0019395 0.999998 0.000129625 0 -0.0137471 -0.000156283 0.999906 0 0 0 0 1
0.999844 0.00222652 0.017511 0 -0.00225852 0.999996 0.00180778 0 -0.0175069 -0.00184704 0.999845 0 0 0 0 1
0.999866 0.00205158 0.0162445 0 -0.00208089 0.999996 0.00178809 0 -0.0162407 -0.00182164 0.999867 0 0 0 0 1
0.999866 0.00225954 0.0161992 0 -0.00226174 0.999998 0.000117309 0 -0.0161989 -0.000153936 0.999869 0 0 0 0 1
0.999866 0.00206314 0.0162116 0 -0.0020921 0.999996 0.00176987 0 -0.0162079 -0.00180355 0.999867 0 0 0 0 1
0.999867 0.00206231 0.0161978 0 -0.00209109 0.999996 0.00176014 0 -0.0161941 -0.00179378 0.999867 0 0 0 0 1
0.999905 0.00172069 0.0136993 0 -0.00174469 0.999997 0.00174012 0 -0.0136963 -0.00176387 0.999905 0 0 0 0 1
0.999921 0.00170495 0.0124274 0 -0.00170587 0.999999 6.31213e-005 0 -0.0124272 -8.43182e-005 0.999923 0 0 0 0 1
0.999921 0.00156075 0.0124406 0 -0.00158232 0.999997 0.00172369 0 -0.0124379 -0.00174323 0.999921 0 0 0 0 1
0.999905 0.00172868 0.013676 0 -0.00175239 0.999997 0.00172186 0 -0.013673 -0.00174567 0.999905 0 0 0 0 1
0.999887 0.00201967 0.0148937 0 -0.00202065 0.999998 5.05894e-005 0 -0.0148936 -8.06749e-005 0.999889 0 0 0 0 1
0.999824 0.00240901 0.0186228 0 -0.00244139 0.999996 0.00171602 0 -0.0186186 -0.00176117 0.999825 0 0 0 0 1
0.9998 0.00257462 0.0198535 0 -0.00260896 0.999995 0.00170429 0 -0.019849 -0.00175574 0.999802 0 0 0 0 1
0.999718 0.00306927 0.0235632 0 -0.0031099 0.999994 0.00168753 0 -0.0235579 -0.00176034 0.999721 0 0 0 0 1
0.999687 0.00323293 0.024794 0 -0.00327525 0.999993 0.00166621 0 -0.0247885 -0.00174689 0.999691 0 0 0 0 1
0.999622 0.00350906 0.0272732 0 -0.00360059 0.999988 0.00330777 0 -0.0272612 -0.00340472 0.999623 0 0 0 0 1
0.999656 0.00334946 0.0260328 0 -0.00343621 0.999989 0.00328864 0 -0.0260215 -0.00337696 0.999656 0 0 0 0 1
0.999587 0.00366568 0.0285163 0 -0.00375999 0.999988 0.00325441 0 -0.028504 -0.00336029 0.999588 0 0 0 0 1
0.999655 0.00335503 0.0260452 0 -0.00344066 0.999989 0.0032438 0 -0.0260341 -0.00333229 0.999656 0 0 0 0 1
0.999717 0.00300499 0.0235804 0 -0.00304288 0.999994 0.00157129 0 -0.0235755 -0.00164259 0.999721 0 0 0 0 1
0.999746 0.00285221 0.022352 0 -0.00288786 0.999995 0.00156293 0 -0.0223475 -0.00162709 0.999749 0 0 0 0 1
0.999824 0.00239458 0.0186369 0 -0.00242432 0.999996 0.00157334 0 -0.0186331 -0.00161824 0.999825 0 0 0 0 1
0.999887 0.00193965 0.014916 0 -0.00196355 0.999997 0.00158792 0 -0.0149129 -0.00161704 0.999888 0 0 0 0 1
0.999921 0.00163838 0.0124344 0 -0.00165837 0.999997 0.00159766 0 -0.0124317 -0.00161817 0.999921 0 0 0 0 1
0.999961 0.00105646 0.00871908 0 -0.0010561 1 -4.58434e-005 0 -0.00871913 3.66345e-005 0.999962 0 0 0 0 1
0.999972 0.00104656 0.00745932 0 -0.00105869 0.999998 0.00162155 0 -0.00745761 -0.00162941 0.999971 0 0 0 0 1
0.99998 0.000749695 0.00623287 0 -0.000749498 1 -3.38778e-005 0 -0.00623289 2.92063e-005 0.999981 0 0 0 0 1
0.999987 0.000599835 0.00498768 0 -0.000599706 1 -2.74777e-005 0 -0.00498769 2.44901e-005 0.999988 0 0 0 0 1
0.999987 0.000599918 0.00498891 0 -0.000599785 1 -2.81557e-005 0 -0.00498893 2.51755e-005 0.999988 0 0 0 0 1
0.999993 0.000449984 0.00374252 0 -0.000449907 1 -2.12863e-005 0 -0.00374253 1.96025e-005 0.999993 0 0 0 0 1
0.999999 0.000149998 0.00124768 0 -0.000149989 1 -6.98864e-006 0 -0.00124768 6.80983e-006 0.999999 0 0 0 0 1
0.999997 -0.000299964 -0.00249528 0 0.000299998 1 1.33961e-005 0 0.00249528 -1.41412e-005 0.999997 0 0 0 0 1
0.999997 -0.000299941 -0.00249494 0 0.000299975 1 1.32173e-005 0 0.00249494 -1.39624e-005 0.999997 0 0 0 0 1
0.999993 -0.00044986 -0.00374181 0 0.000449935 1 1.92299e-005 0 0.00374181 -2.09138e-005 0.999993 0 0 0 0 1
0.999987 -0.000599726 -0.004988 0 0.000599857 1 2.46763e-005 0 0.00498799 -2.76491e-005 0.999988 0 0 0 0 1
0.99995 -0.00153453 -0.00993093 0 0.00150202 0.999994 -0.00327997 0 0.0099359 0.00326488 0.999945 0 0 0 0 1
0.999887 -0.00182269 -0.0149465 0 0.00182378 0.999998 5.89564e-005 0 0.0149464 -8.62032e-005 0.999888 0 0 0 0 1
0.999905 -0.00182046 -0.0136741 0 0.00179855 0.999997 -0.00161468 0 0.013677 0.00158995 0.999905 0 0 0 0 1
0.999846 -0.00228138 -0.0173968 0 0.00225366 0.999996 -0.00161291 0 0.0174004 0.00157346 0.999847 0 0 0 0 1
0.999867 -0.00212597 -0.0161437 0 0.00210003 0.999997 -0.00162331 0 0.0161471 0.00158919 0.999868 0 0 0 0 1
0.999846 -0.0021674 -0.0173918 0 0.00216838 0.999998 3.73051e-005 0 0.0173916 -7.5005e-005 0.999849 0 0 0 0 1
0.9998 -0.00247639 -0.0198664 0 0.00247745 0.999997 2.87294e-005 0 0.0198663 -7.79405e-005 0.999803 0 0 0 0 1
0.999774 -0.00271656 -0.0210881 0 0.00268231 0.999995 -0.00165241 0 0.0210924 0.00159547 0.999776 0 0 0 0 1
0.999747 -0.00287297 -0.0223212 0 0.00283645 0.999995 -0.00166764 0 0.0223258 0.00160391 0.99975 0 0 0 0 1
0.999747 -0.00287281 -0.0223162 0 0.00283596 0.999995 -0.00168272 0 0.0223209 0.00161901 0.99975 0 0 0 0 1
0.999587 -0.00366697 -0.0285115 0 0.0036194 0.999992 -0.00171982 0 0.0285175 0.00161592 0.999592 0 0 0 0 1
0.99955 -0.0038274 -0.0297535 0 0.00377696 0.999991 -0.0017513 0 0.0297599 0.00163814 0.999556 0 0 0 0 1
0.999511 -0.00398018 -0.0310041 0 0.00387488 0.999987 -0.00345574 0 0.0310175 0.00333392 0.999513 0 0 0 0 1
0.999471 -0.00418024 -0.032258 0 0.00412339 0.99999 -0.0018286 0 0.0322653 0.00169461 0.999478 0 0 0 0 1
0.99951 -0.00389431 -0.0310618 0 0.00373501 0.99998 -0.00518503 0 0.0310813 0.00506647 0.999504 0 0 0 0 1
0.999584 -0.0037378 -0.0285865 0 0.00368597 0.999992 -0.00186568 0 0.0285932 0.00175953 0.99959 0 0 0 0 1
0.999745 -0.00289695 -0.0224014 0 0.00285661 0.999994 -0.00183253 0 0.0224065 0.00176807 0.999748 0 0 0 0 1
0.999744 -0.00289879 -0.0224257 0 0.00285802 0.999994 -0.00185025 0 0.0224309 0.00178569 0.999747 0 0 0 0 1
0.999886 -0.00203742 -0.0149518 0 0.00203571 0.999998 -0.000129662 0 0.014952 9.92045e-005 0.999888 0 0 0 0 1
0.999949 -0.00117968 -0.0100001 0 0.00116227 0.999998 -0.00174659 0 0.0100021 0.00173489 0.999949 0 0 0 0 1
0.999936 -0.00153832 -0.0112281 0 0.00153724 0.999999 -0.0001048 0 0.0112282 8.75369e-005 0.999937 0 0 0 0 1
0.999961 -0.00119677 -0.00873854 0 0.00119608 0.999999 -8.31708e-005 0 0.00873864 7.27102e-005 0.999962 0 0 0 0 1
0.999961 -0.00140196 -0.00871554 0 0.0014157 0.999998 0.00157016 0 0.00871332 -0.00158244 0.999961 0 0 0 0 1
0.999936 -0.00153048 -0.0112506 0 0.00152929 0.999999 -0.000115119 0 0.0112508 9.79081e-005 0.999937 0 0 0 0 1
0.999904 -0.00187159 -0.0137628 0 0.00186972 0.999998 -0.000149198 0 0.013763 0.000123456 0.999905 0 0 0 0 1
0.99992 -0.00170224 -0.012524 0 0.00170061 0.999999 -0.000140458 0 0.0125242 0.00011915 0.999922 0 0 0 0 1
0.999961 -0.000948844 -0.00880793 0 0.000933466 0.999998 -0.00174992 0 0.00880958 0.00174163 0.99996 0 0 0 0 1
0.99998 -0.000856714 -0.00627037 0 0.000856276 1 -7.24867e-005 0 0.00627043 6.71148e-005 0.99998 0 0 0 0 1
0.999993 -0.000254481 -0.00380008 0 0.00024805 0.999999 -0.00169279 0 0.00380051 0.00169183 0.999991 0 0 0 0 1
0.999999 -0.000172395 -0.00125472 0 0.000172377 1 -1.45808e-005 0 0.00125472 1.43573e-005 0.999999 0 0 0 0 1
0.999997 0.000613627 0.00247154 0 -0.000609622 0.999999 -0.00162102 0 -0.00247253 0.0016195 0.999996 0 0 0 0 1
0.999993 0.000787952 0.00372471 0 -0.000781968 0.999998 -0.00160763 0 -0.00372598 0.00160471 0.999992 0 0 0 0 1
0.999971 0.00131385 0.00748275 0 -0.00130214 0.999998 -0.00156882 0 -0.0074848 0.00155903 0.999971 0 0 0 0 1
0.99992 0.00201842 0.0124852 0 -0.00199956 0.999997 -0.00152314 0 -0.0124882 0.00149806 0.999921 0 0 0 0 1
0.999865 0.0025489 0.016223 0 -0.00252493 0.999996 -0.00149756 0 -0.0162267 0.0014564 0.999867 0 0 0 0 1
0.999713 0.00336398 0.0237269 0 -0.00336971 0.999994 0.000201702 0 -0.0237261 -0.000281595 0.999719 0 0 0 0 1
0.999714 0.00336177 0.0236898 0 -0.00336698 0.999994 0.000180058 0 -0.0236891 -0.000259772 0.999719 0 0 0 0 1
0.999651 0.00328483 0.0262043 0 -0.00337753 0.999988 0.00349392 0 -0.0261925 -0.00358121 0.999651 0 0 0 0 1
0.999652 0.00328279 0.0261675 0 -0.00337467 0.999988 0.00346779 0 -0.0261558 -0.0035549 0.999652 0 0 0 0 1
0.999584 0.00362154 0.0286186 0 -0.00372169 0.999987 0.00344697 0 -0.0286057 -0.00355203 0.999585 0 0 0 0 1
0.999469 0.00381988 0.0323474 0 -0.00404035 0.999969 0.00675299 0 -0.0323206 -0.00688011 0.999454 0 0 0 0 1
0.99947 0.0036931 0.0323299 0 -0.0039661 0.999957 0.00838441 0 -0.0322976 -0.0085082 0.999442 0 0 0 0 1
0.999296 0.00451971 0.0372402 0 -0.00470902 0.999977 0.00499722 0 -0.0372168 -0.00516906 0.999294 0 0 0 0 1
0.999387 0.00414079 0.0347519 0 -0.00437387 0.999969 0.00663389 0 -0.0347233 -0.00678182 0.999374 0 0 0 0 1
0.999388 0.00422192 0.0347377 0 -0.00433776 0.999985 0.00325989 0 -0.0347235 -0.00340857 0.999391 0 0 0 0 1
0.99943 0.00407338 0.0335035 0 -0.00418402 0.999986 0.00323296 0 -0.0334898 -0.0033713 0.999433 0 0 0 0 1
0.999511 0.0037601 0.0310379 0 -0.00381005 0.999992 0.00155047 0 -0.0310318 -0.00166797 0.999517 0 0 0 0 1
0.999586 0.00351422 0.0285679 0 -0.0036073 0.999988 0.00320736 0 -0.0285563 -0.00330908 0.999587 0 0 0 0 1
0.999773 0.00264827 0.0211262 0 -0.00271722 0.999991 0.00323541 0 -0.0211174 -0.00329207 0.999772 0 0 0 0 1
0.99995 0.00126143 0.00994585 0 -0.00127764 0.999998 0.00162361 0 -0.00994379 -0.00163624 0.999949 0 0 0 0 1
0.999867 0.00197476 0.0161783 0 -0.00200069 0.999997 0.00158712 0 -0.0161752 -0.00161928 0.999868 0 0 0 0 1
0.999936 0.00128358 0.0112165 0 -0.00128307 0.999999 -5.23329e-005 0 -0.0112166 3.79309e-005 0.999937 0 0 0 0 1
0.99995 0.001277 0.00995954 0 -0.00129312 0.999998 0.00161313 0 -0.00995746 -0.00162593 0.999949 0 0 0 0 1
0.999987 0.000566554 0.00498973 0 -0.000566445 1 -2.32533e-005 0 -0.00498975 2.0422e-005 0.999988 0 0 0 0 1
0.999997 0.000437693 0.00247792 0 -0.00044178 0.999999 0.00164934 0 -0.0024772 -0.00165043 0.999996 0 0 0 0 1
0.999999 0.000140615 0.0012479 0 -0.000140608 1 -5.61029e-006 0 -0.0012479 5.43892e-006 0.999999 0 0 0 0 1
0.999999 0.00014062 0.00124797 0 -0.000140613 1 -5.64009e-006 0 -0.00124797 5.46873e-006 0.999999 0 0 0 0 1
0.999997 -0.000443873 -0.00247727 0 0.000439786 0.999999 -0.00165007 0 0.002478 0.00164897 0.999996 0 0 0 0 1
0.99998 -0.000871758 -0.00621887 0 0.000861599 0.999998 -0.00163599 0 0.00622028 0.0016306 0.999979 0 0 0 0 1
0.999961 -0.0013194 -0.00869128 0 0.00129084 0.999994 -0.00329085 0 0.00869557 0.00327951 0.999957 0 0 0 0 1
0.999921 -0.00175914 -0.0124243 0 0.00171847 0.999993 -0.00328278 0 0.01243 0.00326118 0.999918 0 0 0 0 1
0.999846 -0.00220318 -0.0174136 0 0.00217542 0.999996 -0.00161303 0 0.0174171 0.0015749 0.999847 0 0 0 0 1
0.999773 -0.00278693 -0.0211155 0 0.0027182 0.999991 -0.00328318 0 0.0211245 0.00322504 0.999772 0 0 0 0 1
0.999549 -0.00384718 -0.0297944 0 0.00375051 0.999988 -0.00329968 0 0.0298067 0.00318646 0.999551 0 0 0 0 1
0.999387 -0.00446039 -0.0347346 0 0.00434712 0.999985 -0.00333602 0 0.034749 0.00318299 0.999391 0 0 0 0 1
0.999249 -0.00484487 -0.0384448 0 0.00478242 0.999987 -0.00171622 0 0.0384527 0.00153106 0.999259 0 0 0 0 1
0.999249 -0.00484516 -0.0384367 0 0.00478106 0.999987 -0.00175949 0 0.0384448 0.00157441 0.99926 0 0 0 0 1
0.999472 -0.00405004 -0.0322459 0 0.00404901 0.999992 -9.73567e-005 0 0.0322461 -3.32594e-005 0.99948 0 0 0 0 1
0.999511 -0.00389557 -0.0310184 0 0.00389371 0.999992 -0.000120349 0 0.0310186 -4.76837e-007 0.999519 0 0 0 0 1
0.999471 -0.00413404 -0.03227 0 0.00423869 0.999986 0.00317544 0 0.0322564 -0.00331055 0.999474 0 0 0 0 1
0.999654 -0.00330445 -0.0260919 0 0.00334546 0.999993 0.0015284 0 0.0260867 -0.00161517 0.999659 0 0 0 0 1
0.999686 -0.00324959 -0.0248603 0 0.00332971 0.99999 0.00318217 0 0.0248497 -0.00326396 0.999686 0 0 0 0 1
0.999685 -0.00313551 -0.0249003 0 0.00317392 0.999994 0.00150318 0 0.0248954 -0.00158173 0.999689 0 0 0 0 1
0.999744 -0.00283948 -0.0224345 0 0.00287402 0.999995 0.0015078 0 0.0224301 -0.00157189 0.999747 0 0 0 0 1
0.999714 -0.00298964 -0.0237116 0 0.00302564 0.999994 0.00148278 0 0.0237071 -0.00155409 0.999718 0 0 0 0 1
0.999771 -0.00269747 -0.0212425 0 0.00272977 0.999995 0.00149155 0 0.0212384 -0.00154919 0.999773 0 0 0 0 1
0.999796 -0.00235639 -0.020042 0 0.00235364 0.999997 -0.000160985 0 0.0200423 0.000113785 0.999799 0 0 0 0 1
0.999796 -0.0023584 -0.0200706 0 0.00235544 0.999997 -0.00017152 0 0.0200709 0.000124216 0.999799 0 0 0 0 1
0.999795 -0.0025905 -0.0200742 0 0.00262045 0.999996 0.00146564 0 0.0200703 -0.00151795 0.999798 0 0 0 0 1
0.999884 -0.00175921 -0.0150994 0 0.00175734 0.999999 -0.000136949 0 0.0150996 0.000110395 0.999886 0 0 0 0 1
0.999935 -0.00132012 -0.0113375 0 0.00131903 0.999999 -0.000104085 0 0.0113376 8.91313e-005 0.999936 0 0 0 0 1
0.999971 -0.000880395 -0.0075647 0 0.000879894 1 -6.95661e-005 0 0.00756476 6.29127e-005 0.999972 0 0 0 0 1
0.999999 -0.000146733 -0.00126131 0 0.000146719 1 -1.12802e-005 0 0.00126131 1.10939e-005 0.999999 0 0 0 0 1
0.999999 0.000439824 0.00122638 0 -0.000437822 0.999999 -0.00163181 0 -0.0012271 0.00163127 0.999998 0 0 0 0 1
0.999997 0.000588552 0.00248674 0 -0.000584522 0.999999 -0.0016211 0 -0.00248769 0.00161964 0.999996 0 0 0 0 1
0.99996 0.0016331 0.00874914 0 -0.00160503 0.999994 -0.00321485 0 -0.00875433 0.00320067 0.999957 0 0 0 0 1
0.999842 0.00299671 0.0175077 0 -0.00291302 0.999984 -0.00480346 0 -0.0175218 0.0047517 0.999835 0 0 0 0 1
0.999769 0.0028952 0.0213171 0 -0.00286407 0.999995 -0.00149053 0 -0.0213213 0.00142914 0.999772 0 0 0 0 1
0.999578 0.00409755 0.0287596 0 -0.00400939 0.999987 -0.00312231 0 -0.028772 0.0030057 0.999582 0 0 0 0 1
0.999463 0.0045682 0.032447 0 -0.00446879 0.999985 -0.0031357 0 -0.0324608 0.00298902 0.999469 0 0 0 0 1
0.99924 0.00513337 0.0386395 0 -0.00507929 0.999986 -0.00149757 0 -0.0386467 0.00130017 0.999252 0 0 0 0 1
0.999142 0.00524797 0.0410743 0 -0.00525733 0.999986 0.000120036 0 -0.0410731 -0.000335865 0.999156 0 0 0 0 1
0.998806 0.0058507 0.0484932 0 -0.00602193 0.999976 0.00338558 0 -0.0484722 -0.00367357 0.998818 0 0 0 0 1
0.998416 0.00663602 0.0558785 0 -0.00692322 0.999964 0.00494779 0 -0.0558436 -0.00532681 0.998425 0 0 0 0 1
0.9982 0.00708675 0.0595507 0 -0.00738743 0.999961 0.00483049 0 -0.0595142 -0.00526171 0.998214 0 0 0 0 1
0.998047 0.00743237 0.0620284 0 -0.00763567 0.999966 0.00304117 0 -0.0620037 -0.00350885 0.99807 0 0 0 0 1
0.998196 0.00715288 0.0596104 0 -0.00744202 0.999962 0.00462994 0 -0.059575 -0.0050652 0.998211 0 0 0 0 1
0.998189 0.00727491 0.0597147 0 -0.0077579 0.999939 0.00786047 0 -0.0596538 -0.0083095 0.998185 0 0 0 0 1
0.998919 0.00544323 0.0461744 0 -0.00558626 0.99998 0.00296914 0 -0.0461573 -0.00322386 0.998929 0 0 0 0 1
0.999421 0.00441389 0.0337342 0 -0.00463103 0.999969 0.00636136 0 -0.0337051 -0.0065139 0.999411 0 0 0 0 1
0.999578 0.00349946 0.0288278 0 -0.00358993 0.999989 0.0030874 0 -0.0288167 -0.00318958 0.99958 0 0 0 0 1
0.99982 0.00245514 0.0188187 0 -0.00251508 0.999992 0.00316188 0 -0.0188108 -0.00320863 0.999818 0 0 0 0 1
0.999949 0.00130085 0.0100497 0 -0.00131679 0.999998 0.00157962 0 -0.0100477 -0.00159277 0.999948 0 0 0 0 1
0.999987 0.000519931 0.0050417 0 -0.000519778 1 -3.17618e-005 0 -0.00504172 2.91467e-005 0.999987 0 0 0 0 1
0.999999 0.000402693 0.00123269 0 -0.000404711 0.999999 0.001637 0 -0.00123203 -0.00163751 0.999998 0 0 0 0 1
0.999999 -0.000128944 -0.00126087 0 0.000128953 1 7.43568e-006 0 0.00126087 -7.59214e-006 0.999999 0 0 0 0 1
0.999997 -0.000257854 -0.00252135 0 0.000257892 1 1.46106e-005 0 0.00252134 -1.52737e-005 0.999997 0 0 0 0 1
0.999987 -0.000515557 -0.00504103 0 0.000515706 1 2.82228e-005 0 0.00504102 -3.08305e-005 0.999987 0 0 0 0 1
0.999971 -0.00104671 -0.00752902 0 0.00103465 0.999998 -0.00160645 0 0.00753069 0.00159862 0.99997 0 0 0 0 1
0.999935 -0.00143872 -0.0112983 0 0.00142084 0.999998 -0.00159045 0 0.0113005 0.00157429 0.999935 0 0 0 0 1
0.999903 -0.00170145 -0.0138012 0 0.00167976 0.999997 -0.00158271 0 0.0138038 0.00155938 0.999904 0 0 0 0 1
0.999796 -0.00236344 -0.02006 0 0.00233251 0.999996 -0.00156531 0 0.0200637 0.00151819 0.999798 0 0 0 0 1
0.999682 -0.00265083 -0.0250676 0 0.00265402 0.999997 9.39667e-005 0 0.0250672 -0.000160471 0.999686 0 0 0 0 1
0.999465 -0.00344168 -0.0325277 0 0.00344645 0.999994 9.06363e-005 0 0.0325272 -0.000202686 0.999471 0 0 0 0 1
0.999242 -0.00368166 -0.0387497 0 0.0038159 0.999987 0.00339098 0 0.0387367 -0.00353627 0.999243 0 0 0 0 1
0.999092 -0.00424049 -0.0424007 0 0.00431612 0.999989 0.00169235 0 0.0423931 -0.00187382 0.999099 0 0 0 0 1
0.99951 -0.00322261 -0.0311312 0 0.00322468 0.999995 1.6205e-005 0 0.031131 -0.000116579 0.999515 0 0 0 0 1
0.999511 -0.0031124 -0.0311179 0 0.00316574 0.999994 0.00166503 0 0.0311125 -0.00176273 0.999514 0 0 0 0 1
0.999472 -0.00315425 -0.0323525 0 0.00326308 0.999989 0.00331165 0 0.0323418 -0.00341547 0.999471 0 0 0 0 1
0.999297 -0.00370936 -0.0373093 0 0.00377199 0.999992 0.00160847 0 0.037303 -0.00174806 0.999303 0 0 0 0 1
0.998687 -0.00502772 -0.0509863 0 0.00519662 0.999982 0.00318065 0 0.0509694 -0.00344142 0.998694 0 0 0 0 1
0.997276 -0.00718349 -0.0734106 0 0.00754307 0.999961 0.00462214 0 0.0733745 -0.00516329 0.997291 0 0 0 0 1
0.998866 -0.00455054 -0.0473994 0 0.0045456 0.99999 -0.000212066 0 0.0473998 -3.62843e-006 0.998876 0 0 0 0 1
0.999242 -0.00360567 -0.0387557 0 0.00353702 0.999992 -0.00183969 0 0.0387621 0.00170121 0.999247 0 0 0 0 1
0.999189 -0.00373392 -0.0400899 0 0.0036618 0.999992 -0.00187233 0 0.0400966 0.001724 0.999194 0 0 0 0 1
0.999542 -0.00256811 -0.0301621 0 0.00246453 0.999991 -0.00347082 0 0.0301707 0.00339489 0.999539 0 0 0 0 1
0.999712 -0.00215312 -0.0239141 0 0.00211089 0.999996 -0.00179116 0 0.0239178 0.00174017 0.999713 0 0 0 0 1
0.999903 -0.00114072 -0.0138771 0 0.00111684 0.999998 -0.00172846 0 0.0138791 0.00171279 0.999902 0 0 0 0 1
0.99998 -0.000634213 -0.00630132 0 0.000633993 1 -3.69698e-005 0 0.00630134 3.29763e-005 0.99998 0 0 0 0 1
0.999997 1.48151e-005 -0.00254912 0 -1.90454e-005 0.999999 -0.00165951 0 0.0025491 0.00165955 0.999995 0 0 0 0 1
0.999997 -0.000255833 -0.0025218 0 0.000255796 1 -1.49757e-005 0 0.00252181 1.432e-005 0.999997 0 0 0 0 1
0.999993 -0.000112194 -0.00381186 0 0.00010584 0.999999 -0.00166709 0 0.00381204 0.00166667 0.999991 0 0 0 0 1
0.999987 -0.000516069 -0.00504642 0 0.000515914 1 -3.20002e-005 0 0.00504643 2.93851e-005 0.999987 0 0 0 0 1
0.999987 -0.00023838 -0.00507769 0 0.000229876 0.999999 -0.00167526 0 0.00507808 0.00167409 0.999986 0 0 0 0 1
0.999999 0.000154981 -0.00129247 0 -0.000157115 0.999999 -0.00165081 0 0.00129221 0.00165099 0.999998 0 0 0 0 1
0.999997 0.000551446 0.00249373 0 -0.00054739 0.999999 -0.00162696 0 -0.00249463 0.00162558 0.999996 0 0 0 0 1
0.999987 0.000817654 0.00501582 0 -0.000809578 0.999998 -0.00161195 0 -0.00501713 0.00160788 0.999986 0 0 0 0 1
0.999971 0.00108567 0.0075344 0 -0.00107366 0.999998 -0.00159802 0 -0.00753612 0.00158988 0.99997 0 0 0 0 1
0.999949 0.00163828 0.0100165 0 -0.00160598 0.999994 -0.00323199 0 -0.0100218 0.00321575 0.999945 0 0 0 0 1
0.99982 0.00288523 0.0187759 0 -0.00279477 0.999984 -0.00484272 0 -0.0187896 0.00478937 0.999812 0 0 0 0 1
0.999712 0.00318057 0.0237955 0 -0.00310573 0.99999 -0.00318135 0 -0.0238054 0.00310653 0.999712 0 0 0 0 1
0.999542 0.00389148 0.0300116 0 -0.00379777 0.999988 -0.00317868 0 -0.0300236 0.00306325 0.999545 0 0 0 0 1
0.999379 0.00446613 0.0349472 0 -0.00435714 0.999985 -0.00319424 0 -0.0349609 0.00303999 0.999384 0 0 0 0 1
0.999242 0.00469236 0.0386415 0 -0.00463543 0.999988 -0.00156276 0 -0.0386484 0.00138247 0.999252 0 0 0 0 1
0.998982 0.00523799 0.0448119 0 -0.00524571 0.999986 5.47394e-005 0 -0.044811 -0.000289753 0.998996 0 0 0 0 1
0.99827 0.00651863 0.0584305 0 -0.00672193 0.999972 0.00328346 0 -0.0584074 -0.00367055 0.998286 0 0 0 0 1
0.997722 0.00715888 0.0670829 0 -0.00772232 0.999937 0.00814361 0 -0.0670204 -0.0086431 0.997714 0 0 0 0 1
0.997637 0.00741509 0.068306 0 -0.00775386 0.999959 0.00469583 0 -0.0682683 -0.00521437 0.997653 0 0 0 0 1
0.997545 0.00755546 0.0696255 0 -0.00789363 0.999959 0.00458312 0 -0.069588 -0.00512148 0.997563 0 0 0 0 1
0.99779 0.00723871 0.0660461 0 -0.00766394 0.999952 0.00618725 0 -0.0659981 -0.00667975 0.997797 0 0 0 0 1
0.998099 0.00687392 0.0612518 0 -0.00736636 0.999942 0.00781739 0 -0.0611945 -0.00825374 0.998092 0 0 0 0 1
0.998384 0.00624621 0.0564882 0 -0.00660494 0.999959 0.0061661 0 -0.0564473 -0.00652925 0.998384 0 0 0 0 1
0.998837 0.00545292 0.047898 0 -0.00575704 0.999964 0.00621369 0 -0.0478624 -0.00648222 0.998833 0 0 0 0 1
0.999408 0.00395883 0.0341644 0 -0.00412117 0.999981 0.00468242 0 -0.0341452 -0.00482045 0.999405 0 0 0 0 1
0.999604 0.00372544 0.0278894 0 -0.00390395 0.999972 0.00634874 0 -0.027865 -0.0064551 0.999591 0 0 0 0 1
0.999815 0.00231605 0.019086 0 -0.00237666 0.999992 0.00315388 0 -0.0190786 -0.00319865 0.999813 0 0 0 0 1
0.999918 0.00143231 0.0127575 0 -0.00145239 0.999998 0.00156486 0 -0.0127552 -0.00158324 0.999918 0 0 0 0 1
0.999997 0.000212443 0.00256007 0 -0.000212418 1 -1.01104e-005 0 -0.00256007 9.574e-006 0.999997 0 0 0 0 1
0.999999 -0.000106218 -0.00128013 0 0.000106225 1 4.87268e-006 0 0.00128013 -4.99934e-006 0.999999 0 0 0 0 1
0.999997 -0.000596477 -0.00252697 0 0.000592402 0.999999 -0.00161316 0 0.00252793 0.00161166 0.999996 0 0 0 0 1
0.999993 -0.00070462 -0.00380489 0 0.000698504 0.999999 -0.00160872 0 0.00380601 0.00160604 0.999992 0 0 0 0 1
0.999979 -0.000922857 -0.00635894 0 0.0009127 0.999998 -0.00159992 0 0.00636041 0.00159407 0.999979 0 0 0 0 1
0.99996 -0.00114275 -0.00890713 0 0.00112862 0.999998 -0.00159166 0 0.00890893 0.00158155 0.999959 0 0 0 0 1
0.999839 -0.00229769 -0.017784 0 0.0022412 0.999992 -0.00319585 0 0.0177912 0.00315549 0.999837 0 0 0 0 1
0.999531 -0.00305827 -0.0304828 0 0.0030127 0.999994 -0.00154091 0 0.0304873 0.00144835 0.999534 0 0 0 0 1
0.99877 -0.00584562 -0.0492408 0 0.00553346 0.999964 -0.00647329 0 0.0492769 0.00619286 0.998766 0 0 0 0 1
0.997216 -0.00788194 -0.0741475 0 0.00753808 0.99996 -0.00491629 0 0.0741832 0.00434368 0.997235 0 0 0 0 1
0.996957 -0.00908328 -0.0774204 0 0.00833444 0.999915 -0.00999003 0 0.0775046 0.00931438 0.996949 0 0 0 0 1
0.997357 -0.00832598 -0.0721827 0 0.00773976 0.999935 -0.00839736 0 0.0722479 0.00781649 0.997356 0 0 0 0 1
0.997184 -0.00890843 -0.0744661 0 0.00804782 0.999898 -0.0118491 0 0.074564 0.0112164 0.997153 0 0 0 0 1
